2.606077298951682053e+00 5.514129842626317668e+00
2.131803051395739779e+00 2.636714233749757774e+00
1.065128339961966653e+00 2.929943414800888490e+00
2.868078853125682670e+00 3.598977781100540341e+00
1.554178443156393197e-01 6.862319055151335334e+00
2.545947449928658290e+00 4.028504066341769274e+00
2.495324632757332850e+00 2.167558538512983191e+00
1.250050939393970051e+00 6.119443848316326928e+00
2.141264101439910750e+00 5.720607704032556029e+00
-1.308503468582962181e+00 -1.241295729880383947e+00
-8.029886077914665243e-01 3.835610054992972806e-01
-1.765457049607751738e+00 -2.134071782143015739e+00
-2.266763470441879313e-01 7.692803302806618504e+00
2.300323983116786764e+00 7.308008046584157924e+00
2.931406279706647133e+00 2.581200832808595358e+00
2.022638849178326037e+00 7.188195264075535107e+00
3.268721921430560506e+00 4.601260429400122476e-02
-9.879489948084743123e-01 -1.314226296832240681e+00
-1.745642673598183148e+00 -1.311689311307612460e+00
-2.392107019575969939e+00 -2.023600034242359236e+00
1.942993722681217728e+00 4.856012626604563565e+00
1.369273386602884557e+00 1.600167258830646588e+00
6.136621962264898755e-02 5.267793250319547482e+00
-3.140180483646124010e+00 -2.897400974776919824e+00
2.624531253598305636e+00 2.704901494755488578e+00
-7.801922697517804650e-01 6.692950861481865132e+00
1.684407067122075885e+00 5.742455736035546821e+00
9.854610122520564008e-01 9.053703809156181670e-01
3.544697853929202225e+00 4.709728316175469054e+00
4.579391076030756569e-01 2.350665450555898595e+00
-1.249029681325947161e-01 -8.415373511379837801e-01
2.778658703281462916e+00 3.917641133875328308e+00
-2.490512181597968500e+00 -2.439108594614520342e+00
4.043553265281706111e+00 3.169014525199296273e+00
2.502701573745341079e+00 1.228218087499690192e+00
8.499688683399329037e-01 5.997927522645603027e+00
1.121415584616522576e+00 5.249152503003942982e+00
-1.179253531381664333e+00 7.709411726108861274e-02
3.324997047333428934e+00 -2.676403478922004808e-01
2.935375124055560558e+00 3.483617782144349473e+00
1.038251146743031095e+00 3.195658536586230447e+00
-4.532425373984286798e-01 -8.627280572253304136e-01
5.635557402147746142e-01 3.251458031271039495e+00
1.988356109039352893e+00 3.903376038127804204e+00
4.627417016518290183e+00 5.575920043695830053e-01
2.996281804019149675e-01 1.637224003908259728e-01
3.689314331258285229e+00 1.765851210083731360e+00
-3.233307911706635007e+00 -1.817594427467700058e+00
1.964841873967693608e+00 2.241068075277427241e+00
3.965602838239338901e+00 1.668428480192479135e+00
3.311769685216803261e-02 1.005588108665209646e-01
-1.155765478665847112e+00 -2.242150608153693270e+00
3.385574420499588122e+00 5.022442987163762140e+00
2.693309186503126007e+00 2.227073214026809023e+00
2.973323067419031851e+00 2.028923427203990215e-01
1.995222653988633965e+00 3.311219664748290104e+00
2.209443004859461546e+00 3.359661392121902068e+00
8.357306474152967901e-01 6.375598129263581271e+00
1.098563446233749019e-01 1.567447439220039485e+00
-1.466679825467596565e+00 -1.867804658728444700e+00
1.579185327215499868e+00 5.213247278629323134e+00
-1.800917384578298641e+00 -1.479728243766109230e+00
1.830629474632909481e+00 4.303953497862767819e+00
2.833469054865369596e+00 3.105185430692751325e+00
2.071005944988880465e+00 4.468712542279769551e+00
2.102753561683415651e+00 3.817603823629470039e+00
-1.017569962756036839e+00 -2.371228139249516698e+00
3.865518890262935603e-01 4.744908336674956040e+00
-2.623089088765905963e+00 -2.217861516601656202e+00
2.351710828601287773e+00 3.286151897478236883e+00
2.383589788451717428e+00 7.994841387194483673e+00
-6.504945772075725330e-01 9.113224168723124130e-01
2.585580483673372676e+00 5.378157613413499405e+00
2.557303218135149159e+00 4.519133940664937121e+00
-7.196647816229573280e-02 7.981184934738268844e+00
1.410927772290559989e+00 2.884149526029395894e+00
2.865845072759965362e+00 1.931556344123834812e+00
-1.057556895271781094e+00 -1.144253452055466802e+00
2.450675239982030185e+00 5.218258451399897524e+00
2.050951542662434512e+00 5.081150380616353601e+00
1.086175664886602110e+00 3.693697861462109877e+00
2.051186609491684631e+00 2.946476787300150058e+00
7.061389429508002635e-01 1.814315107702367591e+00
-6.528664101940959696e-01 -3.124745842711960098e-01
1.734007013360746363e+00 1.227487196434009942e+00
3.121584378477819666e+00 1.229199360472264857e+00
-4.036015227759392587e+00 -2.147030840770465243e+00
2.219596332922036730e+00 5.928435727537899602e+00
2.879693840496846846e+00 -2.783444392051384497e+00
-9.061968368288907394e-01 -1.463748586333324164e+00
3.613382526949701745e+00 9.246678588700198986e+00
4.722095935475055128e+00 2.326375618459718631e+00
-1.420157697789470763e+00 -1.766495292881949730e+00
-4.987195210137196355e-01 -7.995047821476415351e-01
1.513419059830387825e+00 4.396579554201340834e+00
1.808762949457320746e+00 3.880075920390429811e+00
1.852801641619008954e+00 -1.666383569247647856e+00
2.985360845281746833e+00 4.162230356266442222e+00
2.328913136645722304e+00 2.749697697977415700e-01
1.646745739367425632e-01 5.791554408148146926e+00
3.228798187619858595e+00 3.343433723508228539e+00
-5.126408717309463015e-01 -1.380472959432851088e+00
4.288075448915342758e-01 2.909602496380798708e+00
1.009982375447066483e+00 5.059329110884279501e+00
3.155225111445745689e+00 4.332434489252473320e+00
2.394344852581640204e+00 3.677054196806606612e+00
4.186892523377108155e+00 2.981095803270857658e+00
2.905646978075798081e+00 5.219897149977663631e-01
3.695842943745519804e-01 5.981034402705320829e+00
1.289496290768122222e+00 3.331941719880744390e-01
3.142177943777591853e+00 7.416934116481193051e-01
1.387824520425594788e+00 6.323507447033562379e+00
1.122584237657730410e+00 3.624004538614857829e+00
-2.475158673320670299e+00 -1.995739219741614168e+00
2.005154216565607328e+00 2.232410099153166350e+00
1.476827393978403125e+00 7.680089696206422900e+00
1.960858631659370133e+00 1.890234243494808730e+00
2.927935227916811378e-01 6.120157942811382590e+00
-1.238194208657252382e+00 -7.356676231225297569e-01
4.128971955679915595e+00 3.135846589912678617e+00
-2.568881729952814386e-01 2.879091534329969448e-03
-4.226943887319203341e-01 -1.089138864167851217e+00
3.016962641685155599e+00 -1.009067147005668907e+00
1.492846210805579776e+00 2.878494032956729676e+00
2.830516011094380779e+00 2.357528778061017682e+00
1.081648975477597752e+00 4.535276510751563350e+00
9.697307174285494380e-01 2.756926584103085887e+00
2.147362294911810299e+00 2.684691608553642084e+00
2.005371607727352234e+00 2.564391849125200906e+00
8.557510727409400886e-02 -4.825587777777966547e-01
-4.855944720832343631e-01 -8.623889764329972785e-02
3.358400493825840716e+00 3.474864544763658358e-01
1.882644851674003750e+00 5.265874841416225749e+00
2.641317278837871818e+00 6.515511907542753001e+00
1.775496495995464663e+00 6.621216988322460750e+00
2.663114029527823057e+00 5.981728554942795206e+00
1.482473688622488961e+00 6.158500027289592893e+00
1.410707244985531794e+00 3.693690284441627725e+00
-1.441941183285212480e-01 1.096537741424532530e-01
3.335253632928092404e+00 5.188128495088161429e+00
2.707665052566483155e+00 2.082724935667765287e+00
1.336386500223161411e+00 5.473301768014290580e+00
4.236855840842793874e+00 2.343967627365818096e+00
-3.273272152181370132e-01 -4.895111066730892802e-01
3.366608238960274058e+00 1.482800578856985130e+00
1.841699814874677710e+00 3.733924980331279730e+00
2.754122484201935173e+00 4.590076568100910137e+00
-1.615637233905488745e+00 -1.021324546249872123e+00
1.590523606705363413e+00 1.570296308432576726e+00
2.763741764531877365e+00 5.989404620219289654e+00
7.842226610607538895e-01 3.835073327096777618e+00
2.108164904595688061e+00 1.475020458362823472e+00
-7.997398857662038063e-01 -1.125996266640231669e+00
2.498619010927416895e+00 5.266672185765972181e+00
-8.367322151764682303e-01 -5.445321604093498191e-01
4.270780532245157524e+00 7.449184140374256913e+00
1.079078247923096701e+00 8.124015455413161391e+00
1.495218003209759949e+00 6.973739794009682136e+00
2.039116172760407242e+00 2.089482383329253068e+00
-7.590776979757940524e-01 -7.280944277767852357e-01
-1.615636528614019518e+00 -4.907414115981358904e-01
2.296000622195902174e+00 3.384852590684147344e+00
2.221427382332290534e+00 5.616350699503664945e-01
4.019478414939991140e+00 3.153858840502257621e+00
1.020991117057465924e+00 5.908887489033054496e-01
-8.866750244400773973e-01 1.695415314481265590e-01
3.958341056093253041e+00 1.534944588178623004e+00
3.286358346362976413e+00 3.817613391818736712e+00
-1.715920904384904411e-01 -1.448480024378988151e+00
1.335045471267559680e+00 7.830993819544723067e+00
3.398843488863665385e+00 3.441487085494966180e+00
1.334894394090306413e+00 3.759749479164812946e+00
1.380350444370290752e-01 -1.200934657230987579e-01
3.035462864677727524e+00 4.844336527350955990e+00
1.440539908387236334e+00 2.367387765753877105e+00
-2.060460700369493026e+00 -1.824595848392451147e+00
-4.611493988734283178e-01 -1.128281563924875996e+00
3.597233904646484071e+00 9.252817029176689800e-01
-1.527539640397490128e+00 -1.114125529881895282e+00
2.455092265988974010e+00 5.021132373570043050e+00
2.863876487626646039e+00 -2.647811794141556874e-01
2.525087708896595284e+00 5.443975002643489880e+00
-4.906314444533208530e-01 3.427308436211072618e+00
3.197169060947263830e+00 4.275989407399713116e+00
9.753928151043878003e-01 9.262594355112884870e+00
3.723232676553722253e+00 3.725665784682024473e+00
-1.089664804653363017e-01 3.047930263857250299e-01
1.153576578043347123e-01 9.005871923444708216e-02
2.319481998253357435e+00 2.424354023062490704e+00
2.369401093597162777e+00 3.064732721368243595e+00
3.359365999558197480e+00 1.483743323170302109e+00
3.012285941276418910e+00 6.988063235500223236e+00
1.494017620341196562e+00 6.059096415916961575e+00
-1.473215178743700893e+00 -1.155017496587669612e+00
-1.240794620378623314e+00 -9.725024319766814029e-01
-2.380838664900514434e+00 -2.118618879959598189e+00
2.733628295686477916e+00 8.571510411847537370e+00
-7.050161045843261753e-01 6.962909379102628193e+00
3.160252820237722027e+00 1.101037032622215861e+01
2.237994742365068568e+00 7.552020685377277331e+00
1.131852325689542971e+00 4.186410788685994255e+00
2.076273156306096102e+00 5.069112554431292494e+00
2.835895887661715520e+00 5.354168850714305705e+00
1.198526262953816257e+00 5.944020672630490054e+00
2.333777025243467307e+00 3.954899660708495190e+00
2.818212706782140309e+00 4.648916209176650938e+00
5.603910268614051837e-01 6.366228266749136111e+00
9.564221939967432196e-01 5.550329750788127292e+00
2.251142980821042805e+00 6.804609484068063985e+00
1.693784296139793977e+00 8.101499369433424746e-01
1.443029008452014761e+00 7.516562678115132456e+00
-1.727601355199426925e+00 -1.514838495814684327e-01
1.282336052649438729e+00 2.019695676488573177e+00
-2.721892222318835763e+00 -9.710514415182626147e-01
9.460478998204839840e-01 5.334766676559640430e+00
2.542553536758211941e+00 1.082277872495729376e-01
-1.426712957882796617e+00 -1.007271415800438108e+00
2.448819990799627089e+00 2.803231322283607607e+00
-2.594188436326580138e+00 -2.461746402793574262e+00
1.680028300155763876e+00 4.809616817307998282e+00
3.602838047764325147e-01 2.348933641146881968e+00
3.135351743605019337e-02 -4.825576786490595182e-01
4.754242555430776562e-01 7.129253467730549687e+00
1.371219569982538022e+00 4.991996291368106853e+00
1.164022822365977650e+00 5.448748442022263383e+00
3.476657536036272589e+00 3.911376502150338386e+00
-2.979826623229012927e+00 -1.810972604518091833e+00
2.319466194031930328e+00 4.759927750047666883e+00
2.315759211559267783e+00 8.513314015836255244e-01
-1.088981987021320208e-02 -7.575932132634759508e-01
1.124585988648335144e+00 3.260364250596047064e+00
4.517983984879747617e-01 5.959268361353514010e+00
3.442714004086137258e+00 5.305633071245559051e+00
1.123663132629097783e+00 2.992298449871328980e+00
3.420216174626077077e+00 3.126405766767086369e+00
-2.403318835364525174e-01 -8.200667688819370804e-01
8.732111355397176311e-02 -8.026453803347699534e-02
-7.917753506987885714e-01 7.048735243362122205e+00
-2.267894101930190587e+00 -2.420758423564001838e+00
8.661906140845991864e-01 4.793677248628370080e+00
2.468889946115990774e-01 3.474990690589218278e+00
9.819006965087955230e-01 4.473592091354124278e+00
4.598491697188711314e-02 -5.847688773523151973e-01
1.724766553350908449e+00 2.685839825227465116e+00
-3.017570580898190968e+00 -2.736573670501279310e+00
2.675153419863966597e+00 6.232071086335329468e+00
2.223280318416609447e+00 4.087651617515498437e+00
1.000725259237275289e+00 7.447966598266830829e+00
2.308396845308306133e+00 1.303105847962128916e+00
3.819043690699111870e+00 2.162255836404114895e+00
1.094063336857205915e+00 7.518019437558915996e-01
3.384135716123435778e+00 1.388670222019279255e+00
2.069180941719515499e+00 2.361121364048317961e+00
-7.625985369617078735e-01 -3.551300730211296441e-01
1.779708876454999533e+00 1.386527139627684591e-01
1.286270318260186674e+00 -4.663989685269076535e-02
1.882919896682767380e+00 5.736700093671174727e+00
2.982774456058232992e+00 1.989879561692440291e+00
1.216264197185593199e+00 5.682145889319384580e+00
2.200213938369500521e+00 2.356207225279327133e+00
1.879515657609772017e+00 6.307297963072121760e+00
2.271300743679581124e+00 3.620328660792788256e+00
4.914655590248546702e-01 7.978265840845295553e-01
3.505959502061964272e+00 2.713405621009807867e-01
2.094309900370499022e+00 3.394812350812752566e+00
2.724551589415341368e+00 4.084384814997175539e+00
-1.911471203692353349e+00 -1.069990336960223054e+00
1.757266856906636976e+00 2.624456006657153395e+00
1.137961908341809991e+00 4.029198880332135246e+00
8.770909143201979230e-01 6.428036726793790123e+00
1.582342276418287508e+00 5.195901420457682107e+00
2.541034760634695022e+00 6.499762043626476249e+00
2.564738140389916765e+00 2.912119717024612697e+00
-7.475419898830398813e-01 -5.749305813358508432e-01
3.353847949557156927e+00 -4.928649713496380258e-01
-3.311455482452668075e+00 -2.462116038632900406e+00
3.544714993648461210e-01 -3.079672486375120144e-01
-1.952455430009352177e-01 -8.878586285443760273e-01
2.656011358542089695e-01 7.433359811810012374e+00
3.484684737303129332e+00 1.976390025204354028e+00
9.519471739547733513e-01 2.817620321169315378e+00
1.572934547771983826e+00 3.608001287395790069e+00
3.794912178205778197e-02 6.027519867635384720e+00
-1.081995532106870606e+00 -1.296726525777303740e+00
-1.030149858782991146e+00 -2.376962393549293395e+00
6.221720116484956709e-01 -3.550004653037095448e-01
-2.548286943708511831e+00 -2.336441885044952649e+00
3.262582567621377105e-01 -4.163109644989838598e-01
1.399925183580765564e+00 7.586823154649652068e+00
3.742288378748736655e+00 1.650593499442278844e+00
2.127736933731784408e+00 3.514986094870704569e+00
2.041014055069662270e+00 2.569916006488907279e+00
-1.725733872087252596e+00 -7.326596224090284881e-01
1.547291399474608697e+00 3.034721871673186744e+00
3.188729391991010242e+00 5.466395092438219194e+00
7.370911393983727855e-01 3.777491871599823803e+00
2.036026916491119554e+00 2.786447658065494437e+00
1.491529507381324615e+00 7.433973103760793677e+00
-5.002849642423790044e-01 -1.603451792314400270e+00
3.272472852700083479e-01 6.577141787727716959e+00
3.666356799772248820e+00 1.761592234822048741e+00
1.514699985172077046e+00 5.035391805999048565e+00
-1.744151551589329330e+00 -9.532275724907528502e-01
1.217327808020226554e+00 1.436342018992783576e+00
1.136294530337863984e+00 8.733543507636412073e+00
-1.935471930201811297e+00 -7.119511335601288460e-01
-3.751623158972950955e-01 -4.518820128958038751e-01
-2.288960727735045442e-02 -9.358659732687619748e-01
2.190555828096633739e+00 4.453161352461513012e+00
3.505963882487869832e+00 2.326856696358102550e+00
2.346542111402663000e+00 7.116425106898971897e+00
2.904911422197063775e+00 6.068587711772455151e+00
1.872971367778244689e+00 1.689082604668222576e+00
-5.751910669476880678e-01 -1.090895435053500506e+00
1.725063986374440361e+00 5.390214493501792603e+00
9.520524798164617941e-01 5.266814861544162341e+00
-6.652560786843790819e-01 -4.993880509924032429e-01
1.826899237887161798e+00 -1.537981629126045746e+00
2.854633688976758954e+00 7.747611966898263702e+00
2.661570883779738494e+00 2.719668053569567867e+00
5.063503059936532047e+00 1.483500910172267595e+00
2.097063319956802285e+00 3.184699388141315257e+00
2.793832765159889764e+00 1.788901573692646796e+00
3.367722318341362708e+00 6.081285532174493191e+00
-1.871101735875163596e+00 -1.952354813166250480e+00
-4.901429025694075126e-01 -9.460551942067279008e-01
2.180922572458902753e+00 6.775241170875831997e-01
1.251907776398026639e+00 6.772978725876001249e+00
1.928858783701745683e+00 9.908621588226416144e-01
2.572334671765541536e-02 -9.905796186058646313e-02
2.104020731130745503e+00 4.245258995292311432e+00
3.262175727311481754e+00 3.707721911932210457e+00
-6.925052386441206131e-01 5.237084674878847323e+00
-8.458648409021605197e-01 -1.234577984627080127e+00
3.662057140462990912e+00 3.914676901207148063e+00
6.677156874123992836e-01 5.320851227587141352e+00
2.596052098304860056e+00 5.982052002403039026e+00
-2.101491380313282864e-01 -1.069626128918106378e+00
2.184769416455728752e+00 2.967451961744619560e+00
1.509474622088200491e+00 4.622859840319185842e+00
1.065827917693894733e+00 5.012971356315469862e+00
2.614361144536747172e+00 3.526854766647394168e+00
2.121931997818690352e+00 4.560577909322805823e+00
3.148343883529066911e+00 3.532756551201317929e+00
-1.218840464222503917e+00 -1.707638011133227662e+00
2.134912466156278388e+00 6.477623971807258130e-01
3.517604794224281850e+00 1.597530865075932560e+00
3.436055169025050482e+00 2.895335920374678906e+00
1.867911216934883489e+00 2.990202708692049960e+00
5.755264761795544359e-01 3.467267432324017573e+00
-1.272448846589737670e-01 -5.932098093211868317e-02
1.995115323723614775e+00 4.248107825420114558e+00
3.340737925995679536e+00 1.219271340424187500e+00
3.420759962649108310e+00 2.360497466191594285e+00
1.598261163142573160e+00 3.275185731328957406e+00
1.621545627980961246e+00 1.872769845629199459e+00
1.474809518581475354e+00 6.081768671360515910e+00
4.381791883978569224e+00 3.269714699328469809e+00
-1.605816389012690193e+00 -1.322272317214865600e+00
3.773787989984105362e+00 3.787091696089261994e+00
1.165994518457208251e+00 3.084627061678844484e+00
3.723902603655487198e+00 1.650281157916956065e+00
2.540307503918648013e+00 7.251337943394964292e-01
2.281756816688566669e+00 3.380091448198729420e+00
1.269938294584828764e+00 5.766750949678106863e+00
3.668128133313091510e+00 2.830295412971092439e+00
2.940347117330233573e+00 2.860656709393011532e+00
1.502664092129397444e+00 6.330396742249235764e+00
-3.263881395937000995e+00 -2.051426003625743455e+00
2.649713330705642189e+00 3.398438739588399926e+00
3.488452362381337934e+00 7.156573998459385244e+00
1.222987770341419367e+00 8.505818406482442029e+00
-9.242307126297448772e-01 -1.265733386919084991e+00
-2.955173740997891763e-01 3.822660455431400539e+00
2.277607676933538272e+00 2.236445424211532362e+00
4.014700634757867093e+00 1.295910758946488439e+00
3.541457921043089208e+00 4.481837750289928479e+00
-1.874293826187474421e+00 -7.455267791465540750e-01
1.433213687572050477e+00 9.448590219636510135e-01
1.884012088223660619e+00 3.312444114602667522e+00
3.355209040775608997e+00 5.525001584851439773e+00
-6.080128509175743989e-01 -8.323143903657796994e-01
1.825563510872049156e+00 1.896769596042141792e+00
6.497456010669908633e-01 -9.028104439093244116e-01
-2.227907195591852130e+00 -1.904183184623358116e+00
1.688855709045280262e+00 3.006009318143839870e+00
2.350204743157378484e+00 4.120235105360817940e+00
1.602366102721836327e+00 2.946078881402796057e+00
2.420554932806461945e+00 4.090436660145646997e+00
7.134636987496514315e-01 3.661857818380708451e+00
3.196067958876471771e+00 1.968935098245772508e+00
1.936470665633321486e+00 4.743127419912095633e+00
3.919320034068416447e+00 3.062915407429510850e+00
-8.438168392808726992e-01 -4.385943519204239527e-01
-3.276737818648986167e+00 -2.158352320579370431e+00
3.004444333625758023e+00 6.236362422956737817e+00
-3.237544186960488179e+00 -1.564981910523272290e+00
3.635825510251494919e+00 5.802304807452070001e-01
2.794872107762599089e+00 3.680493607196964057e+00
-1.353312758113393688e+00 -7.110285339505422186e-01
1.680590403401268862e+00 5.161400544098647458e+00
3.297117856103444211e+00 -1.531638122790175416e+00
2.422458319087791523e+00 5.014352276695875688e+00
-4.690239158451880996e-02 -4.457170434304955631e-01
-1.548295376400550039e+00 -1.674900244497783852e+00
5.756205303018109287e-01 2.957130168299320516e+00
1.929075676272219875e+00 3.863434912084207529e+00
-1.092805441858402560e+00 5.432191135868386311e+00
2.129251836664305841e+00 1.955582362399840513e+00
-1.052024576571660930e+00 -7.380361604422094324e-01
1.686514446316251803e+00 2.631478864929507111e+00
-1.864093968079548080e+00 -1.728417000797426439e+00
6.616214114832459359e-01 6.109926346823440824e+00
2.127819010816459411e+00 5.303544625875861840e+00
2.431559241867541576e+00 1.643710846171850815e+00
9.916298961853913241e-01 3.312586404214923341e-01
-8.380605943344474618e-01 -2.334686376204206937e-01
-7.794146970376346628e-01 -2.288121099538996672e-01
-1.136760119169914152e+00 -5.628214662489858799e-01
-3.406653847638133836e+00 -2.692509367350033322e+00
1.312787100211212366e-01 -3.454146509782318741e-01
1.718332424070668996e+00 4.253285654857086762e+00
1.020831048940156194e-01 -1.189799140086777562e+00
1.605171295934166853e+00 4.077045354210616424e+00
-1.529494438786627164e+00 -8.296870618061529257e-01
-2.305459438964318597e+00 -2.302507784562119575e+00
1.668960722015025544e+00 2.145669623416260219e+00
3.226888488108238473e+00 9.912292709473762287e-01
2.061005006495889802e+00 8.833814423457178933e+00
3.068649182886551419e-01 -1.085862824412062722e-01
2.720065585824204213e+00 -1.113630503924776249e-01
1.798343885568793654e+00 3.764707710144989061e+00
3.888747344849217136e-01 4.267880998539212101e+00
2.549365207275432255e+00 5.528933729359936322e+00
3.228640928104262287e+00 3.959514166640557331e+00
-2.270813654339036702e+00 -2.011494184223182380e+00
2.838832544601292973e+00 4.490818132569643240e+00
2.407086810969896185e-01 -4.206632641084164792e-01
1.045939951871511564e+00 4.272490915824993962e+00
2.016319986781154761e+00 1.345203385987672640e+00
-1.777272743207882311e+00 -6.214679138242509282e-01
1.695221384384895780e+00 2.115859806346309213e+00
1.453677108927400319e+00 6.770315782092989565e+00
-1.538746662248266173e+00 -8.571352213139843412e-01
1.931261125531742229e+00 5.791932356465359533e+00
1.847923190669126026e+00 3.413191384689048924e+00
2.451454768320700861e+00 7.827591115113500919e+00
2.468388142892554704e+00 3.298109653214218007e+00
-6.143354838719210509e-01 -3.586784787281319664e-01
1.981449939026047602e-01 -4.643731969263850123e-01
5.008440180520692397e-01 5.517063170227528346e+00
1.077658804932931425e+00 4.564239150339150619e+00
3.077953841958930958e+00 1.503923291366219939e+00
1.976915962130856297e+00 3.815825699674079807e+00
7.788072987013237025e-01 5.359493343505588037e+00
2.136552119669643091e+00 5.133723638868933570e+00
2.618018292303264882e+00 1.871493572052500998e+00
3.079614975448405012e+00 4.242446696047736054e+00
1.159921231021841859e+00 2.000397038830921126e+00
-9.423649115749479499e-01 2.990310890190796655e+00
2.587573998836090627e+00 3.687172251099732456e+00
1.086067661933016515e+00 5.193542929321746549e+00
-4.540711859317985155e-01 -1.257835781383186413e-01
-1.792555113171759196e+00 -1.608577897924476474e+00
-4.348434121157970234e-01 -2.682798021063070859e-01
1.696249830014834536e+00 5.990352694264318600e+00
1.556132359802892218e+00 5.183296105560573963e+00
2.194139381172374392e+00 2.700473867285320573e+00
2.630895170940948713e+00 2.039376405941185411e+00
1.393038331446518896e+00 3.698480733633369155e+00
-2.203481768998359236e+00 -1.706569498679569197e+00
1.809886838959175792e+00 5.777119747808679762e+00
9.086487816531751971e-01 6.363511923810015958e+00
8.017692585873010813e-01 2.828429828505096832e-01
7.127768792612410031e-02 7.381349990056497390e+00
-2.278802600074783413e+00 -2.005898002952041903e+00
-3.388556147276011288e+00 -3.086338872105999442e+00
2.190428666888721398e+00 3.999646741485203272e+00
7.159066839459993226e-01 6.013431483431958213e+00
-5.465793084833197035e-01 8.127693971386992899e+00
1.422830082353134795e-01 -1.422242702437211070e+00
1.418740862318209395e+00 6.227323737891685695e+00
7.648485909609263889e-01 -5.403567444735606351e-01
2.054640870600560554e+00 5.640973797263205469e+00
1.602262551717140715e+00 -4.797888754875261341e-01
2.576284628002065258e+00 2.393054623423337635e+00
-1.728858205726254260e+00 -1.145021026381066287e+00
1.127989777817832939e+00 1.330093590548245608e+00
1.360503136039012295e+00 7.918812509513514897e+00
9.140082399881004349e-01 9.366641991877884266e-01
3.713369192118019413e+00 6.060243802409930325e+00
1.563426573332954650e+00 2.365238627801947047e+00
1.445491034392007990e+00 3.804735748636497661e+00
1.178598172152198087e+00 4.725330834708115546e+00
1.663971680265383668e-01 -8.095387210217870333e-01
2.403702923089299670e+00 3.739023161738103340e+00
8.105073372671038889e-01 7.745905400032530252e+00
1.220676325430222864e+00 5.848090560337070976e+00
-3.698671566722699922e-01 2.447647489832196488e-01
3.888969741625771803e-01 -7.024382739708698864e-01
-1.385366906541760867e+00 -1.210156413151256771e+00
-1.557592026307786259e+00 -7.618780190120355567e-01
2.170218606977582176e+00 2.976496185028857600e+00
5.393317323429294152e-01 2.806512208281767506e+00
1.352461073379647161e-01 -2.223005421844131968e-01
-1.489754909509083181e+00 -9.295838732389658521e-01
-8.410948087054253008e-01 -9.018166900886090964e-01
2.993781492497501695e+00 3.204936431315143608e+00
1.809497197740959740e+00 2.628553818975396972e+00
8.573626898935104990e-01 4.794099779592984945e+00
-1.421533703529824555e+00 -1.625504387080077606e+00
-1.410655952039098660e+00 -7.102165880077475624e-01
3.439707233543900067e+00 3.817091142093742118e+00
1.582075228371465414e+00 6.445098239157884823e-01
1.945954393062864440e+00 -1.199725658280383023e+00
3.961083018253310772e-01 6.298943391168691619e+00
2.773476737835654404e+00 -1.870796207003260214e+00
-1.605236865801051849e-01 -4.421849895517857565e-01
1.751837172941728582e+00 6.277946704256760491e-01
2.519716709266382360e+00 8.363485350892897685e+00
-6.721347655476128669e-01 -1.363045369844174015e+00
-1.320753888597453241e+00 -1.639377575919684471e+00
3.345739459649920367e+00 4.179688124680203565e+00
-1.270830631799849231e+00 -2.064838065176804349e+00
3.258955607407520105e+00 3.136137510799406947e+00
7.335242513385336061e-01 6.011253444352547604e+00
2.438709803157338651e+00 1.327272895854382462e+00
1.297675218203787839e+00 1.957843072399292783e+00
-6.396940081977748882e-01 -7.205914260294941087e-01
2.809425841629033194e+00 1.591236205240732282e+00
-3.120335563204785778e-01 1.236047633009367708e+00
-6.423736919796626532e-01 -1.206913943242970966e+00
1.187032319184195828e+00 4.060636334987353102e+00
-5.476744002345332873e-01 3.308841423393678483e+00
1.449610313471903167e+00 3.017217857988116592e+00
1.205621822937401610e+00 -7.544875581780169371e-01
2.999664588116030650e+00 1.409383182535699497e+00
1.989595773022986513e+00 7.023675935027650752e+00
3.558497838429822480e+00 3.369473588393830710e+00
2.765707346308829528e+00 2.575214408371652830e+00
2.725267017548529402e+00 7.265973130147301617e+00
-1.024244120084715437e+00 -1.041311807025359748e+00
1.102320666194033461e+00 1.106231580847895746e+00
2.911213430412993741e+00 8.579348460197522286e-02
1.361604629141800027e+00 5.542772582798602521e+00
1.625467382562049812e+00 3.888915601725927207e+00
1.136204787612360434e+00 4.940900359834384581e+00
6.196429538741854426e-01 -8.480080401537353207e-01
4.328597765397157460e-02 4.793807760403855589e+00
2.090724017140530577e+00 2.001226021812020583e+00
-1.657048752116634383e+00 -5.155333416000013047e-01
-1.963554935849903371e+00 -4.550297433216096143e-01
2.099840051419505471e+00 5.792210493564576623e+00
2.940292449348405057e+00 4.688487856841311086e+00
1.025776044728617276e+00 7.941501523179939070e-02
9.229459459780573471e-01 3.803813796135009362e+00
2.173277871573468190e+00 7.892862590227130326e+00
2.366701206926599355e+00 4.835679117937973892e+00
2.779675771790740768e+00 4.379679180354018264e+00
1.769072368204004153e+00 4.857371022237498615e+00
1.612484709444618414e+00 6.788382113833004716e-01
8.074354158512622170e-01 4.919031945243723669e-01
1.336216216067943607e+00 4.552035709808807340e+00
3.287632101796317041e+00 -2.220669673422293044e-02
1.156676647587368212e+00 4.571195120321815075e+00
1.971557665187306796e+00 5.308691937847634712e+00
6.855702791709195054e-02 4.678351236572425798e+00
2.408658158774895419e+00 6.175098819306179543e-01
5.173298183668855188e-01 2.821483378291981481e+00
-9.824288894413232276e-01 6.989639941442216120e-02
1.977851945414397239e+00 3.672770502818143878e+00
2.371362676045756679e+00 4.487101998899948541e+00
9.894966287762760881e-01 3.507327375524947666e+00
2.010311988370717895e+00 5.063437820779450149e+00
1.553497530871592369e+00 4.992911029113435539e+00
1.103632189877764569e+00 6.406723319402233940e+00
2.090368739509307350e+00 2.331967998104311768e+00
-4.233149153175519430e-04 -1.141240277797368030e+00
3.113075773992528106e+00 3.635343421455544455e+00
2.368467962301584961e+00 3.521083654916672856e+00
-1.306727563416479221e+00 -1.678468540436071965e+00
-2.967732601615977295e+00 -2.083264125756166152e+00
1.864351913305347441e+00 2.169450908632708064e+00
3.728123821053217490e-01 4.000343236794890345e+00
3.273730969947319380e-03 5.578514612799695627e+00
-1.306956101492138034e+00 -5.651320961990227154e-01
2.941626520292592861e-01 3.440408675070849576e-01
1.573659683767830053e+00 6.870309816833794159e+00
-2.905301190807373368e-01 -1.145625615137531694e+00
5.993130692769037537e-01 7.431937572454785368e-01
2.946558236282426080e-03 3.707132465642488661e-01
2.497438667911914045e+00 5.603714403780633901e+00
2.104849794098238469e+00 8.046621259133646120e+00
1.209043489545686079e+00 7.667416167465274768e+00
1.452405489203625333e+00 3.018883281301871779e+00
1.178771852576157908e+00 -1.407131510438519584e-01
-6.366362967801526551e-01 -1.768421668865102214e-01
2.296467171182764222e+00 6.808643431964378934e+00
2.275430622353723731e+00 2.352611382029154541e+00
1.535120883533036995e+00 7.078513628637345789e+00
3.693255673902551273e-02 -2.228774224638652157e-02
-8.061186017265010717e-01 -9.557228864742282060e-01
-3.004017996869449370e+00 -2.744761355773351674e+00
-2.642391649460025249e+00 -1.924778272052966255e+00
2.135652154302469796e+00 1.862157817643768531e+00
1.505695824697230512e+00 1.692482530300915222e+00
1.842348168971988276e+00 2.327659606669643999e+00
-1.392635706861893752e+00 -1.577162578098112000e+00
1.024988475473262550e+00 7.320896733258648315e-01
1.857895448552459028e+00 5.909672788129747723e+00
3.561911126815994422e+00 2.681435526414896131e+00
2.144877619684008252e+00 2.828982591625897935e+00
-1.720757736195193566e+00 -4.363813245781640315e-01
1.245510038257715335e+00 1.279177489621836195e+00
1.831653857375278527e+00 4.307869597865633615e+00
1.566973369093188850e+00 5.626632794939416371e+00
3.093634555020377874e+00 6.275974904683361721e+00
-8.195319106163956313e-01 -1.476322653665483209e+00
-1.936459655563159465e+00 -7.902934961609650033e-01
6.511166137691244415e-01 -3.663873427044979092e-01
2.566636553569253465e+00 5.720976713591735319e+00
1.888083355599665003e+00 4.447748433486495401e+00
-7.509581372430742530e-01 -7.068224776603015957e-01
-8.964651743097425962e-01 -8.364648390972886371e-01
2.531488781826838341e-01 -1.688770923347548969e-02
7.461100929355299893e-01 2.488108733239753789e+00
-3.610151177471447870e-01 -3.122254516945325298e-01
1.065186811781365872e+00 2.498117898784595781e+00
4.076945467671642120e+00 3.699063644356340941e+00
8.123945190725903043e-01 6.088754404734832093e+00
2.301259735679533236e+00 2.763844118212088752e+00
2.788592748468656790e-01 -3.514393061942856500e-01
2.812936851972376306e-01 8.377532955224002986e-01
-1.968347147956633014e+00 -1.015999642632389843e+00
-1.431012087843579028e+00 -1.341526708958366676e+00
2.997963975029133366e+00 4.548738826597348961e+00
-2.703424150497678369e+00 -1.545830360578867468e+00
2.566025606715775176e+00 5.423084972791376579e-01
7.279728825280007420e-01 6.388901616025698615e+00
2.089877207817794957e+00 6.821602452591850607e+00
2.408621290028273076e+00 4.892913310095002188e+00
1.364522287172482473e+00 2.904013007665847024e+00
3.287969610597899717e+00 4.362350179924327165e+00
1.224599468372474353e+00 2.067077026559969610e+00
-1.071161927391611535e+00 -1.704824795741586296e-01
2.379211295718495212e+00 4.523644658968223986e+00
2.092521968014049438e+00 5.825616295603569306e+00
8.932846209368963120e-01 3.128322128151809878e+00
1.122736541921097952e+00 5.475530515269216636e+00
1.608114413741222659e+00 -6.795410648398654274e-01
1.255019038526633102e+00 4.625621017772649779e-01
2.926333771730857514e+00 3.951921819645666467e+00
3.139180475317162156e+00 3.382748356207010865e+00
-6.660698332821475276e-01 -6.981404869250675826e-01
2.385198513199710657e+00 7.691738848686683561e+00
-6.944146630589046465e-01 -4.579513376539670055e-01
2.198915902609151374e+00 -3.921248382434816548e-01
2.093275798216060135e+00 3.208579608079092704e+00
-2.272722704165214491e+00 -2.599262433749042200e-01
3.236123689932974834e+00 3.035677694939242777e+00
-2.557608185595519501e+00 -1.982175575240257226e+00
-2.501251906209314146e-01 -2.866314045452852399e-01
1.290756822379628632e+00 6.597778665904080242e+00
1.026122444651572208e+00 3.638966335492691329e+00
-2.572426738398458923e-02 6.635462888659862557e+00
-1.639360375349720123e+00 -1.137673731891424067e+00
-1.298046078917299617e+00 -1.125916584706988521e+00
6.253355118569250415e-01 3.821584187651724474e+00
-1.149828834601987815e+00 -2.356183352197130709e+00
1.452401512090889746e+00 1.812909976834518488e+00
2.660128051148452855e+00 5.135159153848347202e+00
1.449005484324529469e+00 7.746082902962149852e+00
1.709563852290412189e-01 -5.509042640091728060e-01
1.313496378675940157e+00 1.626738446928135406e+00
2.613271098108069346e+00 3.326760742631507561e+00
4.972397419821756870e-01 2.521483755589493114e-01
2.842541165760162247e+00 5.257976064038234476e-01
-2.830638376699292635e-01 -6.160497641648231548e-01
7.558342881304636052e-02 1.852020878595315168e-01
1.435530240125740153e+00 5.860234944268749580e+00
2.308619159591670744e+00 4.214947264448584363e+00
3.341501477438272083e+00 -5.751932553292871120e-02
2.815774655559040163e+00 2.086153286301550835e+00
1.960115805750752394e+00 9.032906096799595552e-01
2.658295283814722687e+00 5.732193595327672142e+00
-8.048074507025093638e-02 -1.024844227113607120e-01
2.474921346121208732e+00 6.989457774551805613e+00
2.219623434019649011e+00 8.236092803196072509e+00
2.811720601811837028e+00 1.130442233293419640e+00
-6.267250408809206252e-01 -6.093244036243088413e-01
3.117074280909239548e+00 2.477419630584196231e+00
3.683151823893381582e+00 1.061051143254730267e+00
3.101562591928638923e+00 2.940264906305324999e+00
2.346974170361920908e+00 5.011579128811372463e+00
2.856150732353712307e+00 6.901172211275885537e-01
2.017385949652845678e+00 1.705874811202765962e+00
-1.914159709649152719e+00 -1.684744330696340553e+00
2.365702551865457082e+00 5.897960666455448475e+00
2.074552886055958556e+00 2.790924584525587004e+00
1.094288127218626006e+00 9.961964660745072919e-01
1.293807094559144222e+00 2.389256916767349637e+00
-2.177494433269568930e+00 -1.505105757862981841e+00
1.992042254642751198e+00 4.577940653134781712e+00
-2.667729259460194235e-02 -9.578583219711631624e-01
-1.436662499706614415e+00 -1.281411895202962281e+00
2.682288339040088676e+00 2.007803482089647318e+00
2.183621764891041206e+00 3.978992355819513715e+00
2.709653003181045072e-01 6.077554976437285816e+00
-2.635647475260018524e+00 -1.679383647464974150e+00
1.743428002102304752e+00 6.157414856875916165e+00
-2.398591366491932497e+00 -7.255290786929153857e-01
-4.968448134539638072e-02 -1.280996799794649643e+00
-1.862073431186116457e+00 -1.005030469479753386e+00
9.340153162928501729e-01 5.656384223991150151e+00
3.860998601203847969e+00 2.378425217164188865e+00
-8.890633760976079936e-01 -1.552387303682633446e+00
1.361510471997438465e+00 5.468156219976736843e+00
-5.620795872345235589e-01 -1.242487981405414832e+00
2.463964336867638050e+00 3.122115219485710913e+00
1.830376169345401038e+00 1.925814808226285368e+00
-1.218489261220610187e+00 -1.741549673966691136e+00
1.833479334609704470e+00 3.835248017808294829e+00
1.956274418906171375e+00 5.807710754625486693e+00
2.635854199854066326e+00 2.277459305001584777e+00
3.021353634601271931e+00 9.473688086383611484e-01
7.831076161166252714e-01 3.268157235479632661e+00
2.411165895320837471e+00 -3.266494024519630557e-01
4.425285632380993484e+00 7.271685374330050244e-01
4.454048951136765133e+00 3.549523778772687432e+00
-1.614002080012405305e+00 -1.654141548104472559e+00
1.397940200029686331e+00 3.263850779011949310e+00
1.947704156919118246e+00 1.416916953508327470e+00
2.705607888254338622e+00 5.946646728205481125e+00
1.235042569929706957e+00 6.440416137949855901e-01
1.497763163276686793e+00 1.462776846689797239e-01
3.219845956309733470e+00 4.300935687865123036e+00
1.613541481436695513e+00 1.224407163940658183e+00
2.555621677931958047e+00 2.183817374045107229e+00
-6.702349165854100121e-01 2.499259909680222602e+00
2.566817055464667874e+00 4.116906303467785300e+00
-2.880500118891404782e-04 5.567910330504855843e+00
3.153369642293242237e+00 1.939542322238822170e+00
-1.376573105397816743e+00 -1.757451615208755813e+00
-2.159974671365904708e+00 -3.026401487342804675e+00
2.501670576039102034e+00 3.945544312882725890e+00
-1.567547128839412718e+00 -5.688151565086214667e-01
2.606821855525999432e+00 4.451634731545885515e+00
1.272962317101337337e+00 4.431440616396201904e+00
9.465479513253578503e-01 2.790235704262085115e+00
2.803085414088696048e+00 4.794322738680418361e+00
2.636049268509212062e+00 5.433468240332973487e+00
-9.220195377387417901e-01 -1.355912210007300667e+00
1.293874180501929816e+00 2.829447796658343783e+00
-9.475041990257654367e-01 -7.817795478763579498e-01
2.082919178603304999e+00 4.533294562323048282e+00
2.040132824462379979e+00 4.253668502221123582e+00
1.824141701638142266e+00 7.026860085540985068e+00
2.309239313398236071e+00 5.162619822800178504e+00
2.051474771859512991e+00 5.172535640451389582e+00
3.169284054025398589e+00 2.018542963114736022e+00
1.682455671255537855e+00 4.558090701045147242e+00
1.556958468299174392e-01 1.003364993669563887e+00
2.846053089594439367e+00 -1.367570641845420099e+00
-2.303130950732737325e+00 -2.418082466702988320e+00
9.138869725233240704e-01 5.183896970098586188e+00
1.884704768338802516e+00 4.101732862803758373e+00
6.912723169636096898e-01 4.229110372709558696e+00
-1.922263478090583400e+00 -1.188371922561821670e+00
1.162767982975601022e+00 5.135306785850006328e+00
-1.256375948452466140e+00 -1.257028581617271268e+00
-1.008812748433624673e+00 -1.471878558327579523e-01
-3.217002382817094386e+00 -3.004695046280874138e+00
4.690986554200467396e+00 4.184335063859456305e+00
-2.112746453356357801e+00 -2.467128262959576546e+00
4.210286002508454306e-01 -1.753970564514056862e-01
-1.128323021411726579e+00 -1.823949547961315698e+00
2.040405413903405574e+00 2.016780542992860692e+00
1.309839678127992402e+00 5.460963795867412429e+00
1.700671611729657196e+00 5.508639005310000947e+00
1.891540261271842382e+00 4.651666519532028587e+00
3.930878398599135792e-01 5.483243992265779632e+00
3.552500369964971316e+00 2.258176721319877345e+00
1.921681874924171529e+00 1.853853493385591023e+00
2.147986083470152963e+00 2.666352521479210314e+00
1.150783644955850615e+00 6.339006591236738153e+00
1.794887908195730297e-02 -8.386574811654272654e-01
-1.539589230751704729e+00 -7.246218927308716307e-01
-1.613741217674706130e+00 -1.364920128339679906e+00
-9.901033181715651610e-01 -1.622225105074812213e+00
2.203610381283725328e+00 1.984909126822617331e+00
2.335373201886826955e+00 3.722822472340492794e+00
3.925425686516264001e-01 8.347092488369630914e+00
2.322034240980489272e+00 2.179718227371547634e-01
2.204904609365531343e+00 6.749052504042365896e+00
2.780212870692725602e+00 3.910390230027052549e+00
1.336444897263798115e+00 6.035401509541086895e+00
-7.204384115045030512e-01 -6.894738660484558412e-01
1.985277424220463383e+00 7.439586176274330498e+00
-1.237031893536901794e+00 -3.493914200179215612e-01
-2.854948678498123726e-01 6.071510031997620516e+00
1.525412044151343682e+00 5.292168439443001304e+00
1.336462753507741574e+00 3.699744458834438809e+00
-4.309853292852068307e-01 -1.067349764068957318e+00
-1.252399480049677383e+00 -1.224926616022888659e+00
-4.108178279711025560e-01 -1.070923082209727317e+00
-1.887100374613014386e+00 -1.395536212092547856e+00
1.539095731532141409e+00 5.042318545978591970e+00
3.132591927804256215e+00 2.332926354131806157e+00
3.765801193027371596e-01 7.787140752495751439e-01
-1.092467534955752217e+00 -5.895358871126767930e-01
2.398664494612298359e+00 -9.706762464952074509e-01
1.071610222457275219e+00 7.379743889018275382e+00
9.951462393034327114e-02 1.311516388241340536e-01
1.309433795294747238e+00 2.804109726357225441e+00
9.116648652309637946e-01 5.783163889181617279e-01
2.263895586275585181e+00 1.822675960270127238e+00
-1.452488169304296584e+00 -2.554555497251536078e+00
1.484709534646510676e+00 2.910296386415866188e+00
1.436657639501292438e+00 5.042187556131210613e+00
7.568345812750056911e-01 4.890062278088509018e+00
-2.674008630874205039e-01 6.862364342915095783e+00
-9.473284381531678067e-01 -7.131048535966542090e-01
-2.047129232258583009e+00 -3.151947913864726836e+00
1.413361656430425661e+00 5.755938431103446717e+00
1.895593164176556211e+00 2.673710191548057225e+00
2.563680085127990171e+00 3.224158123654321528e+00
7.075461236908295870e-01 5.696056634693111853e-01
2.257611429529982061e-02 6.760756981124188769e+00
3.518035572132188094e+00 5.068399947627253432e+00
-1.462990162951505191e+00 -1.426859608310646621e+00
-2.605323914145880604e-01 -1.331176683470380873e+00
2.107001038437662732e+00 3.609436249054724932e+00
1.278884602527030179e+00 5.867413941987315695e+00
2.529263082039575838e+00 2.421438907631810800e+00
-8.465660642031834771e-01 -4.622368510074994497e-01
2.413385124522383851e+00 5.204323055641113527e+00
3.371058404809520681e+00 4.741399393932007378e+00
-1.117800789563499597e+00 -6.360705753843582944e-01
-2.354013514017612607e+00 -2.455408939549863945e+00
2.680383784063313790e-01 4.518918470693438216e+00
3.550578181493531105e+00 8.414312331522211252e-01
-8.927517057822336177e-01 -8.046770131942571069e-01
2.495354089843790923e+00 2.088837087978389739e+00
-1.668715028015766322e+00 -1.192372652523857157e+00
2.329166900417238395e+00 2.717617607744960750e+00
-2.836979207338092834e-01 7.434682741006707118e+00
-2.481864463302430046e-01 -8.815802067743777615e-01
-1.037344101884192460e+00 -1.832918060066102139e-01
2.180454581696673166e+00 -1.802775149859456860e-01
-2.728305839735111427e+00 -1.930112700577032214e+00
3.225514313576058001e+00 6.135423862307010978e+00
2.129134001778141272e+00 2.315321980396045198e+00
2.467078732855042755e+00 2.837294123898459031e+00
3.552567170128489771e+00 5.783766278248579695e+00
2.171563744561135767e+00 1.686398979060715675e+00
2.323529198329467693e+00 2.024025949239232069e+00
2.711548540591952161e+00 2.648274743677671239e+00
-4.680735148649040056e-01 3.585320144838410883e-01
7.638130991175895446e-01 5.535385137018971946e+00
1.268084884881729657e+00 3.539207492567411517e+00
2.501215960318893039e+00 4.202988375027350010e+00
-1.958038178849716315e+00 -5.366554762542676826e-01
-7.668314644434837124e-01 -6.039665420739637192e-02
1.164617969661424723e+00 5.143997088342540991e+00
-6.493100140890568639e-01 -9.163288921035556145e-01
2.809234720981528710e+00 8.871840575046996413e-01
3.358376773155015815e+00 4.651312027900249113e+00
-4.706040061358219839e-01 -5.517174465627767699e-01
8.563943009118062388e-01 8.180870429048166415e+00
9.474769378420204724e-01 7.537332684362125335e+00
1.246156606713404447e+00 1.802632613133074990e+00
1.267497024316169618e+00 5.813079836711460224e+00
1.555988429667491957e+00 1.261777732026425181e+00
1.742065885927234659e+00 1.645838815211526640e+00
3.263968444811542025e+00 6.898703999251658558e+00
2.736418583792781689e+00 2.593898883705938019e+00
1.976701264419157056e+00 5.215971134859138658e+00
1.745248707866420279e+00 3.754774356178314232e+00
-8.390333472801851933e-01 -7.945417948424656762e-01
-1.015933083547926330e-01 4.558715323239786343e+00
3.575390346761157190e+00 7.198865467284485398e-01
-2.892706807929493529e+00 -1.749110759753686128e+00
3.052889320423644470e+00 2.620476932545020787e+00
2.311693040601959570e+00 4.686827689373710193e+00
1.097659330567041680e+00 6.930239473138001927e+00
-6.538203423937758441e-01 2.529694717609243249e-01
1.717835291263254405e+00 7.641087873321576573e+00
-1.227504842278416275e+00 -1.187345819340400066e+00
3.586641346448376400e+00 -2.011337846591001011e+00
3.802664580846444320e+00 3.459208556394799849e+00
2.511003930045724530e+00 5.667257944605068154e+00
2.893630334252217384e+00 9.144234624575218184e-01
-1.542495581301994712e+00 -3.766707805291226174e-01
-2.170338128908710917e-01 -9.962555124887362279e-01
3.212415875657183228e+00 5.796324738374242891e+00
-7.234171317913410393e-01 -3.015324762743589737e-01
1.169155914908933003e+00 5.477081359267588212e+00
4.355991692500882362e-01 -1.837686777518341419e-01
2.238133958885613062e+00 3.485564071323596025e+00
4.003618503021613151e+00 3.520458465677872795e+00
1.237840910590595866e+00 2.168616555539033541e+00
9.793140045943147243e-01 4.333980223995008707e-01
-2.613081736277902856e+00 -1.812376717375240531e+00
1.830167055220403016e+00 4.374784027961076127e+00
1.308708188404680284e+00 5.553207701872264757e+00
3.934125859874557651e-01 3.812733366199781759e+00
-2.777385692127975148e+00 -1.783860543123790166e+00
-1.793949640580954519e+00 -1.867369960030123455e+00
1.857734638216603562e+00 5.779719879195464927e+00
-7.362888032287501217e-01 -4.605775828190116217e-01
2.959778626211830854e+00 9.609817354358130004e-01
-8.411514971371925053e-02 -6.321705611459225160e-01
2.974971419924786531e+00 2.296030394056912449e+00
2.862160730498009009e-01 -5.968636139891194681e-01
3.189227837301079838e+00 9.716135701415811177e-01
1.488991142383446542e+00 3.667702090054902442e+00
2.788937454220612899e+00 1.466626776024408940e+00
3.966595340161396699e+00 4.259258453316901338e+00
1.344585667134856610e+00 1.284190284885891931e+00
2.599208104853291346e+00 4.379976944602557154e-01
2.905473935119693873e+00 1.928538576768619617e+00
1.934058738882029838e+00 5.800979055944707419e+00
-6.476553916359411023e-01 -2.070816117231631948e-01
1.310073949764569257e+00 4.559309680293844202e+00
2.787281965323847199e+00 2.646818235701785760e+00
-6.350191948879486681e-01 -9.957577215939915627e-01
2.120969266908131257e+00 1.716304741308877446e+00
2.939076310897789313e+00 -1.729949285552002003e+00
9.707360506168245529e-01 5.732997032613580402e+00
1.043826660795125649e+00 6.535188352542498080e-01
-7.938801300716431530e-01 -1.285106700412571579e+00
3.306327566847512056e+00 -1.820406675135101793e+00
5.773564269537736493e-01 7.116472954055056199e+00
-2.391946219731324597e-01 3.487377482661980110e+00
3.809871002079176172e+00 1.861943368746825644e+00
2.063860781384846632e+00 1.042270160397595458e+00
-2.934989127495508665e+00 -2.273188381499521959e+00
-2.311409660293917145e-01 -1.078295765806679185e+00
3.401758793867191155e+00 3.722316530116137834e+00
5.471022112081285194e-01 2.983546922061515172e+00
2.345266136070704110e+00 4.599233362418884141e+00
1.057696351838611992e+00 7.422192063778519255e+00
1.483703210277516948e+00 4.358464380656691617e+00
2.967937939833504402e+00 2.792144745105185955e+00
3.268695135093253157e+00 3.969776096988226755e-01
1.917488419101680552e+00 3.457809065908693746e+00
2.826478580479819147e+00 6.645428702297824231e+00
1.356540023936883443e+00 2.661781175468437066e+00
-1.399546102095444278e+00 -1.218542994547102687e+00
1.976806529737580087e+00 4.975699920829938172e+00
2.450954390647559489e-01 5.263338621384949789e-03
1.681884410446061073e+00 2.841927099635997322e+00
1.263994360032283382e-02 -2.873639251544144457e-01
-1.598593325701891388e-02 7.144262343275181948e+00
1.134972414966315402e+00 2.238847351419375187e+00
-1.767406320238751327e+00 -1.451371360762177432e+00
-4.318921930089900663e-01 5.698719145527675778e+00
5.745024266189995288e-01 8.294097652346504645e+00
2.285126352797502314e+00 4.711633321571407684e+00
3.405582468853922240e+00 1.469268074136063085e-01
8.991802168765334891e-01 2.797061852324367770e+00
3.384584957506824310e+00 2.311316117829499639e+00
-1.001754433662710664e+00 -1.871016789659012636e+00
-2.342503579811665126e+00 -1.992508291012983657e+00
2.883771456466860172e+00 2.281996193457641375e+00
1.634599848878179440e+00 4.894479295674734054e+00
-2.217544971780149865e-02 -4.923861756864683636e-01
-2.319781516709016334e+00 -1.228309061186029449e+00
1.928588257297382480e+00 2.959439168157395716e+00
-1.330753652893443384e+00 -1.355635267462136362e+00
-1.963018725406377119e+00 -1.507530338888036336e+00
1.699386867818343472e+00 2.974591223378578952e+00
-1.913196386097925750e+00 -2.247295135573547320e+00
5.490393857575111003e-01 8.240572617242069242e+00
2.443256314354405934e+00 5.031836112789941140e+00
-5.115775327918336002e-01 -9.514443355252274470e-01
1.630120566614297495e+00 1.736046847311659036e+00
2.276852761574676975e-02 -1.005500810093873376e-03
1.487065156006681210e+00 1.246912949708082419e+00
-2.019011944798142721e+00 -1.292478334839974208e+00
1.836392706199913238e+00 3.228297439833476279e+00
2.235750036339123170e+00 6.333114895937077549e-01
1.435940381369672725e+00 5.039855371562267372e+00
-3.103866834787595508e+00 -2.166894833453885560e+00
5.378400455713350237e-01 3.335655459622575592e+00
1.769460103003907436e+00 6.128052722806930142e+00
3.392982133339089046e+00 2.051455817617424238e+00
1.754294568760438322e+00 3.150633279390696373e+00
1.632219921626568482e+00 3.280905530959299377e+00
1.436046231026329778e+00 6.323666775879329904e+00
2.965051694096374924e+00 4.795781211317651227e+00
2.428418731691210919e+00 5.247099829696169948e+00
2.923861881367249893e+00 2.056860893797950673e+00
5.486326102383376480e-01 -1.035255829907257841e-01
2.907994064414519908e+00 3.509981366942955816e+00
2.907820349546290650e+00 1.162202237708005903e+00
2.714741264112690011e+00 1.620235717255687380e+00
1.468236031631114713e+00 5.214704311759165378e+00
2.833916726373761907e+00 1.714810583757781171e+00
1.713005592766577045e+00 2.707416371023860791e+00
