1.866326320026793883e+00
-1.482645267973021319e+00
-2.601889746919775703e+00
-2.419828646083525658e+00
-2.097422128089362570e+00
-8.981160108376939899e-01
4.368023987612431602e-01
-1.961810399076636235e+00
-1.631275045781380939e+00
-1.264169111883691743e-01
-2.182440046272939860e+00
-2.009391651258465750e+00
7.995023312069633459e-01
2.589648874862083616e+00
-1.363492703364490799e+00
-2.256208236396625377e+00
-7.542884886920435683e-01
-2.557430531328150902e+00
-2.171632431293437193e+00
-2.385192332187620501e+00
8.191961758756038936e-01
4.541086380305037196e-01
-7.173465737317283875e-01
-1.006362784917983477e+00
2.497675313274545061e+00
-2.693817579543602125e+00
-2.928162154750359569e+00
-5.394418651470018755e-01
-1.936577501396161249e+00
2.086866543066281388e+00
-4.329237866318417227e-01
1.224856822291494396e+00
1.695058335971275865e+00
-2.104388972494334098e+00
2.471840123831328673e-01
-2.232729300644088699e+00
-2.486791559989071310e+00
-1.282508068041003924e-01
-1.304488149177818190e+00
-2.137649690217425569e+00
-1.123285445835247254e+00
-1.593566434051198799e+00
-1.137452626297609903e+00
-1.996464130883508714e+00
1.333623165452453074e+00
-7.056282400487201567e-02
-1.465212268587237965e+00
-1.411002665134430956e+00
-1.828280277569805934e+00
-8.257008219718273700e-01
4.937012210426651726e-01
-1.993503398611010446e+00
-2.077191622472908339e+00
-3.519247679993565692e-01
7.404567804145877341e-01
1.261609282053855585e+00
2.360877692037855802e+00
-1.940137954765379646e+00
-2.890065288696511914e+00
7.859842730696600110e-01
-2.259016019586478574e+00
9.036257152333286857e-01
-1.946691119613226606e+00
-2.107075248707928505e+00
-1.046477315582968304e+00
-9.603540135044297266e-02
-9.103928527752309652e-01
-2.171406272228630918e+00
-1.388762979328190594e+00
3.593799729840817525e-01
1.831950791862694827e-01
3.680857671990991342e-01
-1.874833781613445494e+00
1.353963371656388137e+00
1.815167224274880198e+00
-6.850465270201728796e-01
-1.866062399118671333e+00
-1.730634439962608795e+00
-2.489965283807995089e+00
-1.674002217661503256e+00
-1.520426508982423153e+00
-1.693741063333229047e+00
-1.584982661591446629e+00
-8.220297347269756028e-01
-1.273873719150440786e+00
-2.997264392764735774e-01
-2.339507861264536359e+00
2.409276809266565955e+00
-2.885258877571041936e+00
-2.647277362130727063e+00
-2.935738242448161284e+00
1.281571334428322828e+00
-2.521648748840761733e+00
3.109283335642871737e-01
-4.599961802272165556e-01
-4.066661681423391350e-01
-1.801531536161912861e+00
5.088129199131616875e-01
-7.758377796625457457e-01
4.460521508095125487e-01
4.761234297792046322e-01
2.347909056618506796e+00
4.240353653030144443e-01
-1.623576443370615241e+00
-1.733360652819363690e+00
-2.550238269532076441e+00
-2.096213520311960288e+00
-2.404122869024761577e+00
-2.205007122634357497e+00
8.882504142848945961e-01
-2.241113414470823795e+00
-2.239016304849109407e+00
-1.894360096248086656e+00
4.581557718191777706e-01
5.893173129490888451e-01
-1.754784975996302121e+00
-3.058214435510442364e-02
-1.750746945125648102e+00
9.835287874083069593e-01
5.596154330903295726e-01
-2.484666090679778172e+00
-1.996838489700552666e+00
8.772952341132004284e-01
-1.748257767576606003e+00
1.396355735894469152e+00
-2.761367905978835413e+00
2.544516795287906641e-01
-2.294026742392539564e+00
-1.942116436409999869e+00
-2.252669914227324099e+00
9.857372050946591191e-01
9.955803951768904536e-01
-2.436153227287209067e+00
-1.110405892690032648e+00
7.533698989893728992e-01
-1.788228686898333031e+00
-1.032578205400288773e+00
8.795911637546753870e-01
5.727455291514346181e-01
-2.145072961333086337e+00
-1.747275103117134076e-01
1.304499534220864732e+00
-2.164964811383461862e-01
6.511303716529917018e-01
4.802646639159920405e-01
-1.469812296755037551e+00
1.762203199173470125e+00
5.586324339623045532e-01
-1.990322461691274247e+00
-2.069857324604084337e+00
-2.684420941086052004e+00
1.508628570441687078e+00
-2.214710362474166860e+00
-3.244495339038592885e+00
-2.699004237269977402e+00
1.484298939895567715e+00
1.345833407057182018e+00
4.528430933468482467e-01
-2.186501243114890247e+00
-2.361006829569053167e+00
1.108890560390041191e+00
1.143554829002199735e+00
-2.545822990807613095e+00
1.099395823382276483e-02
4.356398281107797810e-01
8.130603740241064692e-01
2.447514218675234110e-02
-1.350260407162210630e+00
-5.052396596473858192e-01
-2.763431665436421270e+00
9.139341282159949564e-01
-1.901859956812534058e+00
-1.707447222513998053e-01
-1.520810481868005937e+00
-1.504332103992439551e+00
-2.114547966326435269e+00
-2.319355841992351230e+00
9.500198700776599781e-01
9.259667498497841098e-01
-1.186848949127065289e+00
-2.434729201598081261e+00
-4.813120968490127716e-01
1.265663401730773741e+00
-1.115914759836739822e+00
-1.342283199291863127e+00
-7.441233289559370245e-01
-2.640690308863331559e+00
4.047624012993757958e-01
9.532258539910914985e-02
7.543875743021133395e-01
-1.884941039192717271e+00
-1.600320616544529617e+00
-2.307034292765334449e+00
1.558197578104819625e-01
-1.385802633524648941e+00
-2.938972207032676476e+00
-2.046952852362300845e+00
2.278196964049733486e-02
1.741616518158539684e+00
-2.209565867847829601e+00
8.881461741959978395e-01
-1.664792479814969361e-02
-1.426769124006895151e+00
-1.822088103238669987e+00
1.496108152907914102e+00
-1.978013131218768983e+00
1.437856927531108386e+00
-8.997524051691785374e-01
8.262622729486563955e-01
-3.898889790474424633e-01
1.491918916410455154e+00
1.908626958848959942e+00
-2.703997083916160449e+00
-2.125241867230586834e+00
-2.723284504541855888e+00
6.754263874445399773e-01
3.242118379071023959e-01
2.943501005774589174e-01
-3.238643941994883146e+00
-2.729704689187790301e+00
8.803350586809526312e-01
6.327681323112919198e-01
-1.155091374530984094e+00
-1.510839036616598907e+00
-1.454288868056148765e+00
9.379466112800820543e-01
2.322381351539438143e-01
-2.614786858619752685e+00
-1.005236983566048181e+00
-1.478463090433451699e+00
2.488489679810551358e+00
7.367162672269123025e-01
9.978030007563938319e-01
-9.250452166512364016e-01
-2.455587767593014004e+00
-2.315273641958566664e+00
-1.950514360701050887e+00
-2.850556153925370761e+00
9.882424926364187234e-01
-3.886574178529491608e-01
1.791205395169934489e+00
-1.906719396351788554e+00
-2.528473179077264543e+00
-1.314024741626490522e-01
2.490737812322245226e+00
-1.535522014664080226e+00
-1.357396478974155496e+00
-4.148221980385752294e-01
6.765085003226241067e-01
-3.238861049750625387e-01
1.402368049644627135e+00
-1.360889528942113680e+00
-2.811337411302652356e+00
-2.193985265672893537e+00
-2.594428553039139551e+00
-9.875524821656074259e-01
-3.723756613294301188e-01
-1.311006846712523544e+00
3.211926334530005089e+00
-2.550817120576323926e+00
-1.979608089551738503e+00
-2.296969496807365729e+00
-1.778576484843667149e+00
-1.351102558710969959e+00
7.490867067258341061e-01
-9.923971010206298349e-01
-8.046198708711798098e-01
-1.933379093885172262e+00
1.315604465989386185e+00
-1.820581219617135149e+00
-2.098105458474623930e+00
-2.158471103364829169e+00
1.116577883315685860e+00
5.239220218089147840e-01
2.165925018011908509e+00
2.174949818987057526e-01
9.165475754929108820e-02
4.328895283608481526e-01
9.325543373183504681e-01
-1.969720747168815844e+00
-2.401663953383548211e-01
-1.607825560174823698e+00
-2.128461685675903770e+00
-1.900481063159474404e+00
-6.512803239177518133e-01
2.957587626290850924e+00
-1.247247688648561725e+00
4.150652467976347348e-01
6.751027856901924418e-01
-2.227807180480018356e+00
1.490033991719608819e+00
-1.916197653820373548e+00
2.292277251765095780e-02
-1.662758835647133893e+00
-1.311019173528642945e+00
-9.198713063281829250e-01
1.387925722820304353e+00
-1.784809645551535429e+00
-2.004409822112851014e+00
1.764737564954696136e+00
1.448744794749979636e+00
-6.542589860639245192e-01
1.463271125212870949e+00
2.315306376826744561e+00
-1.089576589200168755e+00
-1.298841072331938129e+00
-2.323408353775085367e+00
-1.912499690445353728e+00
7.230141533786293984e-01
-2.461339756903730525e+00
-1.669940812451300438e+00
9.878529020532569316e-01
-5.259682963524803245e-01
-1.272864271960433280e+00
-2.158971714634583261e+00
-1.586823194359853639e+00
1.866242843558918452e+00
1.439502854195421788e+00
1.603921664604996078e+00
-1.307804182780865077e+00
-1.894034165560796179e+00
1.042075674913533589e+00
2.159442908732723154e+00
1.128728188220372020e-01
-4.957942444575172969e-01
-1.258256500011588841e+00
-3.247089042952032711e-01
2.204966557623918799e+00
-1.880611211391399751e+00
-1.393178366091349041e+00
-1.378767675960197003e+00
-1.788428814533248756e+00
1.464672908553371844e+00
-2.337403946191370263e+00
-1.212757207915732494e+00
-1.970905037001654536e+00
4.606372952528217102e-01
7.481680271468231780e-01
-1.552905043997057311e+00
-2.215833385318740856e+00
-5.237851399264681351e-01
-2.343906667086194329e+00
-1.282673512796177473e-01
6.102435424238525918e-01
-2.678114115969654208e+00
-2.077280604241644291e+00
-2.306655956174919808e+00
-2.147730630502013405e+00
-2.715470850664742919e+00
1.608187499934992548e+00
-2.637920441582184861e+00
1.256340639823635197e+00
1.522290866200026072e+00
6.942452485102988957e-01
1.013093008402507156e+00
-2.432613303640233315e+00
-9.691816460634772312e-01
1.997939254804493303e-01
-1.095021918302477859e+00
-1.920651355736037402e+00
-1.389554246014228944e+00
-1.486314643593149132e+00
-1.740648152812710459e+00
-1.941497704634824073e+00
-1.062072452585551829e-01
-3.278363266114048713e+00
1.016797554103318735e+00
3.414890755802914013e-01
1.509675434792748794e-01
-2.023118107884446015e+00
-1.486107185459106361e+00
-1.077111359578673655e+00
-6.597922678713599165e-01
-1.524929511073754629e+00
6.484163735096398762e-02
-1.772244114620856514e+00
-2.322219679301547934e+00
-7.811067932228865640e-02
-2.227576187798586016e+00
1.449133839856033612e+00
-2.187353350190032852e+00
-8.356176762129363667e-02
7.826603073765432406e-01
1.240677414538284840e+00
-2.270416221908444498e+00
-1.520981177415071439e+00
-1.080945376312574258e+00
4.702646881803345114e-01
1.258363667988597445e+00
-5.413743865011504397e-01
-1.814555091177437296e+00
-1.197574878731258563e+00
6.334970410228064619e-01
7.379877909604803943e-01
-3.879311051520162312e-02
-8.695850121921868681e-01
-2.842053522580002545e-01
-2.003522157704848983e+00
7.071715398874218739e-01
-2.050674195394930344e+00
-5.046086053880880495e-01
-2.098414003036456421e+00
-2.472758501259338715e+00
3.870457117819008364e-01
1.764085750377661688e+00
7.456850884846584204e-01
1.071703213160297263e+00
-2.167880222940672841e+00
1.131744177429086839e+00
2.211240524492978365e-01
5.890533707980707412e-01
1.361357613883773965e+00
-2.396690245305910238e+00
-1.597277722627701513e+00
-2.323515532571257314e+00
-4.516172141754164482e-01
-3.003127153310839681e+00
7.277237522944589587e-01
-1.623598412683699976e-01
1.763964007106047394e+00
-1.661716822413382033e+00
-2.695026912948344844e+00
-1.877363982155862088e+00
1.710764502932532016e+00
-1.984816059828635293e+00
1.510241701113013368e+00
-2.490131277486815620e+00
-2.195880454600960707e+00
-5.641952739365243552e-01
2.119430806640704823e+00
-1.908331537695028945e+00
3.311878375005873565e+00
1.153368243694841144e-01
-5.174306948733222722e-01
2.815858597250451734e+00
1.183396574255898059e+00
-1.810080387071608454e+00
-2.591142931193747945e+00
2.805905313861972727e-02
-2.242805545979030146e+00
3.319099013780855145e-01
4.202590618144282919e-01
2.018692158949673132e+00
-2.179600321925500239e+00
-1.771294155246976310e+00
-2.705151089416836019e+00
-2.564305041461433898e+00
1.092657139994050119e+00
-2.463685406688480128e+00
-5.778693889750501356e-01
-1.821627325078259529e+00
-1.411427470460042688e+00
-2.203258753256929658e+00
-1.859214738012778145e+00
1.245056266405370815e+00
2.447770156217048854e+00
-1.802582336097429350e+00
-2.632058426967199161e+00
-2.019689917081287867e+00
-1.332274689353153407e+00
7.109597766745955338e-01
-1.932680174662058992e+00
6.523684968937114581e-01
-3.623084869368737859e-01
-2.134312784425739462e+00
2.630015607422622193e-01
-2.114004754233639538e+00
-2.154989747877665174e+00
9.457809586531427115e-01
1.062149892473261303e+00
-2.416227696082113852e+00
7.535456753042948375e-01
-1.734487791660145106e+00
-2.326384716026969279e+00
-2.284192724115081674e+00
-2.254779845508287917e+00
-2.260438068521544164e+00
-2.252168805671541651e+00
-1.554503973160328956e+00
-7.440904556265390823e-01
-3.701591900376577371e-01
1.489572795811556327e+00
-6.573833756642402104e-01
-2.083239989176930429e+00
8.252358003726801838e-01
-1.806723833071759433e+00
-2.190645935528072741e+00
-2.206322265020257412e+00
-2.748327659703245107e+00
-3.379122727022940698e-01
7.596883747016338617e-01
-1.929430402004823186e+00
-3.208794529877593504e+00
7.408661813287538145e-01
-3.066985141854794428e-01
1.037350341502667916e+00
1.231465735820105323e+00
-1.762241292878744758e+00
1.183223511234039460e+00
5.597904853736432873e-01
-2.335724962101390467e+00
-6.183006844003648972e-01
1.538952117354455584e+00
1.098089616797904178e+00
-1.563559678872487924e+00
-6.037341888416192237e-02
-3.129230766731568192e+00
-9.308888304297247007e-01
2.129111973303492888e+00
-2.752356168132335412e+00
1.704689054282857219e+00
1.512812300256443310e+00
-2.386463188622002907e+00
-2.752127787572506978e+00
6.222497453650572830e-01
-1.666171330612632229e+00
2.699692777220609186e-01
-1.624696076726391603e+00
9.864144752686151429e-01
1.545063993232284050e+00
-1.892584843447099319e+00
-2.344399898720330278e+00
-5.281398746516827725e-01
-2.821501062014885264e+00
-2.470324068619907720e+00
-1.621727687802854367e+00
-2.373573140630734102e+00
-4.535994761953043852e-02
-6.320491878419043363e-02
1.785489046272115798e+00
-2.898991874899754073e+00
9.365098505119894279e-01
-2.443555532822359488e+00
-3.043070968950337907e+00
-3.031625423025719357e+00
-2.116615565266483312e+00
-1.715211161493955139e+00
-3.040769000627852492e+00
1.254735637762593448e-01
-2.415737751792712107e+00
-7.935366319217842523e-01
-1.705209543974035125e+00
-2.216077811198239988e+00
-1.362308643826780408e+00
-1.610540163771606803e+00
-1.995321638964348887e+00
-2.747036693420938924e+00
-1.308051319778676280e+00
-1.381180276078604052e+00
-1.722334416941505353e+00
-2.475498009064560190e+00
-1.102503502420689729e-01
-1.861854414370224697e+00
8.740764049718955375e-01
-1.610378506402667220e+00
8.476165214272575188e-01
-6.390967988114479859e-01
-2.360458101786835350e+00
1.500947671968449360e+00
-1.206627054229954421e+00
1.377156204070236978e+00
-1.838545270053969727e+00
-9.748272566271092288e-01
-2.586519741335885580e+00
-1.622381672395498242e+00
-1.824698830676587225e+00
-3.129963837146720884e+00
1.114077087754093753e+00
-2.343257013541760081e+00
-2.330699337683964645e-01
-3.110662182497471173e-01
1.507541614710232070e+00
-2.428972445803222691e+00
4.172585185175402556e-01
-2.002775594199571518e+00
3.520671170096326130e-01
1.285432247077090473e+00
2.411051443282893336e-01
-8.004604329136930652e-01
1.030453331150063878e+00
-1.752007523546514900e+00
-8.365054905700681775e-01
1.176216399863062145e+00
-2.936668563141297650e+00
-3.556659407013990082e-01
-2.961241876989059829e+00
1.509646070174698318e-01
-2.718777933395999380e-02
7.429785760406310002e-01
-1.619058856233214883e+00
-2.966334410799357002e+00
1.052641248811788111e-01
-1.767640865429741082e+00
8.502345883112891745e-01
7.325797900512681649e-02
1.692186243069139451e+00
1.425592712715652022e-01
-3.714322291978471302e-01
2.272644638638740000e-01
-2.698162377253512378e+00
-1.796315385982505619e+00
-2.282926509493887313e+00
6.167826681534819278e-01
-1.942825158755407289e+00
-2.268831852938280935e+00
1.335843902181972798e+00
-1.983696028611322326e+00
-2.802185813041436102e+00
-7.956004711033723975e-01
8.982576269167132921e-01
-2.195623219891659428e+00
-1.178525677819044937e+00
-1.713712134354130612e-01
1.051966408228756089e+00
-1.810635889545071597e+00
7.385631924059011810e-01
-1.112899255291399658e-02
-7.134896192877571153e-02
-8.850161967942893337e-02
-2.358809933798222680e+00
-2.139978849155337759e+00
-2.615966600648594209e+00
-2.361836013106035193e+00
1.784153069078165399e-01
1.478476778014713444e-01
-1.191588885042085266e+00
-2.271304975009641680e+00
-2.440430069523854772e+00
1.157913471771645941e+00
-1.646646190616134042e+00
1.678222101472418126e+00
3.017097433370359294e-01
-2.186510390170841589e+00
2.061787621623900058e-01
-2.134478655133136282e+00
-1.050702092184768510e+00
2.680954468023949433e-01
2.339151887187318479e+00
-1.979233261164186741e+00
-2.793747462773171542e+00
-1.951760934699994232e-01
-1.843373894143782499e+00
3.722379421141405742e-01
-2.459104228327092301e+00
1.652527283360492594e-01
-2.206999627717862289e+00
1.048406067247898310e+00
-1.346948779309741440e+00
-2.868480098720298077e+00
-1.565218255923868096e+00
-2.262780607676925460e+00
-1.454985365688717946e+00
9.862493261083111751e-01
1.286362917883521639e+00
9.952914963292373018e-01
-2.193931501671904982e+00
-2.245360704572411770e+00
1.986148355074590199e+00
9.134327013175025378e-01
2.010628957365354630e+00
-1.608797214139102039e+00
-6.395516028108627626e-01
3.897708445980764269e-01
-2.374315500095434128e-01
-1.879872645614702797e+00
-8.557285164066252836e-01
-2.495384431605379039e+00
-2.514073278199947303e+00
2.381754991107485342e+00
2.570878525776085777e+00
-1.749496559857948830e+00
-1.217678203215256438e+00
4.202458237599860702e+00
-2.377304219888292547e+00
1.951736151389077856e+00
1.044705008528220791e+00
4.364269194095189985e-01
-2.733397496920860092e+00
1.508577608744084975e-01
-1.641994637690199044e+00
-1.831289098097280910e+00
-4.868333994233406958e-01
2.817774707628509123e+00
-1.806051292296334321e+00
-2.287365956925285992e+00
1.055544995369002814e+00
7.552347955535934076e-01
2.112153437751622120e-01
-1.883060730111532299e+00
1.384622380499584526e+00
-1.245723504304490081e+00
-2.278657390286442652e+00
-2.879450226905663435e+00
-4.150371608770109244e-02
-2.230195664544262879e+00
-2.918287836861431561e+00
1.515537212251694354e+00
-2.618673783729271953e+00
7.760684972428431028e-01
1.565420181582665826e+00
-9.739428268182388493e-01
1.111045572965032036e-01
-9.866580709207608546e-01
-1.114572965735458610e+00
-1.951891217233339582e+00
-1.340547178832612207e+00
1.116666280905450614e-01
-2.370906523516951303e+00
-1.668115025365157766e-02
-2.182050156532067131e+00
1.813612058484270539e+00
-1.921040438473893497e+00
-2.128497956872801300e-01
7.657870467480050181e-01
6.665195100182665922e-01
-8.664872876256481948e-01
1.379787952891401215e+00
2.476110783126302728e+00
1.352797840954149455e+00
-2.249984051113587569e+00
-3.854912796001610520e-01
-9.705936985571628206e-01
9.576535137083594940e-01
-2.218416942324575647e+00
-2.028226560993824368e+00
-1.543952900782245008e+00
7.956106857571532132e-03
6.000868877203485718e-02
-1.692792324307571983e+00
-1.893065624058192009e+00
1.482367434258160088e+00
1.019076264122617648e+00
-2.606687525143933648e+00
-2.086578482950871560e+00
-6.021370610780441002e-02
1.571683929782794031e+00
-2.615289699764014486e+00
-1.668232518649189755e+00
-2.477125312284815806e+00
-1.859961041262886416e-01
1.849614174786344822e+00
3.556498134050851689e-01
-2.925693469891173848e+00
2.126573604958714725e+00
6.379160442317949320e-01
-6.692757971880354262e-01
-3.924063346634243388e-01
-3.586991150468685774e+00
-1.899304100950241381e+00
-2.038040965425766515e+00
-1.621236786410203745e+00
9.013546612281653214e-02
-4.966002736725432243e-01
-2.912822000023062685e+00
-1.841253720103187774e+00
-2.794907241876549264e+00
-1.992553674294000432e+00
2.131382953958593340e+00
-2.919904693654699734e+00
-1.543366008542066847e+00
-1.519202039299426543e-01
1.991522346327861070e+00
-2.361703422208289549e+00
-2.246409565527579755e+00
1.314814541251325242e+00
1.623977958957468326e+00
3.533127885109926813e-02
-1.325446814155116559e+00
-2.014504271975432470e+00
-7.470842049270509655e-02
-2.209310643069209323e+00
-1.627171484071332941e+00
2.209573063652948477e+00
2.680225004139091260e-01
1.195483983085562585e+00
-2.496506385266689776e+00
-2.605911371457536152e+00
-2.616129195313791733e+00
-1.350016167050774873e+00
-2.195518070977100500e+00
-1.937542927498020262e+00
-2.759651313433317377e+00
4.893048676580820655e-01
1.180884117325901261e+00
-3.214303666215888367e+00
4.749357335736617558e-01
-7.620543441351463887e-01
-2.529873413225136591e+00
-2.133596622754700967e+00
-1.875383242219899493e+00
-1.239364442862108895e+00
-2.845995133290830204e+00
-4.983668786197869016e-01
-2.775990884863063890e+00
-2.187281020341510285e+00
-2.949404605767619536e+00
-2.643504195929853307e+00
-1.489935278224993498e+00
-1.687878069933420155e+00
-2.074968090636674312e+00
-1.626041137408337001e+00
1.733471044453156251e+00
-7.565816166885246385e-01
-1.614199336637479831e+00
7.945321365101951638e-01
1.194052272069423992e+00
-1.202860379190616724e+00
5.297138153610165823e-01
-1.707772726599234403e+00
-1.871766652594399449e+00
-2.229778131568999733e+00
-2.655407136708519467e+00
-1.809936946165709548e+00
-3.029447747382238099e+00
-1.978534041331152071e+00
-1.865737893311514295e+00
-1.572574850828105664e-01
1.839148296752619149e+00
-8.957635026406749468e-01
-1.447671312029612967e+00
2.329694809317671478e+00
-2.172083147752445598e+00
-4.979499093719896852e-01
-1.791068442512719461e+00
1.891662907744807498e+00
8.704359921732757188e-02
-1.872418180886369354e-01
-1.373553824590997730e+00
-1.999175409756348554e-02
1.916146941777252088e+00
-2.152581828228792737e+00
-2.843061017730587281e+00
-9.935496677890385264e-01
7.876572287108611903e-01
-8.138647533626821584e-01
-2.458354323743620728e+00
-1.689473872346682448e+00
-1.740309598964005833e+00
-1.764222792570465437e+00
-1.060601227077339725e+00
-2.055110847087199932e+00
1.210306587025608671e+00
-1.735535103848277361e+00
-2.597670157332431451e+00
-4.267023730461657616e-01
-2.294545651131333130e+00
6.371193734943960685e-01
-2.552859488777093677e+00
-2.013478687318897897e+00
-1.908343936966318433e+00
-2.167903119728645578e+00
-3.555327209832657154e-01
4.650566144479094111e-01
-2.827090434474639480e-01
5.184207947146513007e-01
-2.274879492066556708e+00
2.917165819172490848e-01
2.434095155267319566e-01
5.193097496654008882e-01
-2.450909687902039558e+00
-2.180944683181736732e+00
-1.627614165472115459e-01
2.119238484596983163e+00
-2.548075414696313601e+00
-2.286546670296038641e+00
-3.003965175183886949e+00
-1.968241926673350184e+00
-1.860261806924288219e+00
6.989939292298724682e-02
-1.711811076465556303e+00
-4.237920216957885566e-01
1.374285722610520288e+00
-1.524797145040096114e+00
-1.715908632828401448e+00
-1.720013100276473805e+00
-1.885398316284232267e+00
-1.924026097937317381e+00
6.803166509149725094e-01
-2.091734367693818264e+00
2.804749045933290663e+00
9.246357208598569022e-01
-1.426069486334611280e+00
-1.448039918084472966e+00
-8.501939443510835304e-01
6.742362385012207193e-02
1.303902204527635167e+00
1.013838297445464054e-01
-2.012543394644185746e+00
1.184576185366567613e-01
1.143015204592934486e+00
-1.458437045641524321e+00
-1.991034845949354315e+00
7.876837237184459717e-01
-1.918262338015934265e+00
3.625402554537152655e-01
-1.570351158706755568e+00
-2.071386216324826002e+00
1.396749072409899206e+00
-1.643515526937792348e+00
2.693763152697993046e+00
6.452587454793303756e-01
6.947271544815994959e-01
-1.126079397669071724e+00
-2.628096123083409452e+00
7.004689470726399581e-01
-5.705854991525032283e-01
-2.592027855231518796e+00
-3.194510920738748982e-01
-3.151949507431822450e+00
7.705934249706647421e-01
-2.475090493419512594e+00
-2.698693322207105005e+00
4.758955299287699336e-01
-7.862293276273750742e-01
-2.194021473510678000e+00
-2.419773551986637461e+00
-1.484108883064816364e-01
-1.303341912922822532e+00
-3.496073597130112676e-01
5.500336421768602380e-01
1.065796279806092706e+00
1.692805165554871927e+00
-2.320731877016115163e+00
-2.130023607118606055e+00
-2.959144265996108469e+00
1.844992456622237986e+00
1.362832094962766583e+00
-2.405484488056085723e+00
-1.151085644145125597e-01
1.920342305159296936e+00
-2.057632548012120477e+00
-2.148855893047266985e+00
1.166987849591698101e+00
-1.910736392607648826e+00
1.502535836763283505e+00
-2.131121163327299062e+00
1.308222548166025345e-01
-1.331627420519855942e+00
1.145862342568975123e+00
-2.483970204881963628e+00
1.513183441886494451e+00
-2.981358191963213722e-01
-2.581463261789946007e+00
-2.040606741797679646e+00
1.619390655318891481e+00
-1.747940312761513626e+00
-5.297095253132768633e-01
-2.304991880910971958e+00
5.084189037418272994e-01
-2.898799216505191012e+00
8.628034862171354291e-01
-1.248300699821909054e+00
7.968445307701741420e-01
-2.184410525597906716e+00
5.804573882472300328e-01
-1.354910106940195202e+00
1.093588114791120613e+00
6.852678352782834992e-01
5.796969911739968673e-01
-7.165657281513218013e-01
-1.562442393735680168e+00
-2.151940014286882974e+00
3.907431406043357924e-01
-2.526464515563353608e-02
-2.883508075891856759e+00
-4.905627036059060364e-01
-8.926097520012672426e-01
-1.449486912960232132e+00
1.316817723934366136e+00
-2.545633968643111977e+00
7.870351646948243740e-01
1.755284995074312571e+00
-1.792078480225191450e+00
-1.229951107340085503e+00
1.641533097910537586e+00
9.030060622992670538e-01
-2.374648374587584598e-01
3.592135578153763387e-01
1.497088367093651451e+00
-1.984039352336219197e+00
-1.529072125738085042e+00
-5.781855773507473817e-01
-2.350509937557307083e+00
-1.892590500406509779e+00
-1.864140432839590522e+00
-1.553813672157461134e+00
-1.900382382233337886e+00
1.277623065176319406e+00
7.341402058246765394e-02
-1.824041989640090788e+00
-2.509171221950527109e+00
7.257502662458200637e-01
3.254806622976562647e-01
-1.847081859039586105e+00
-3.162500603504508900e-01
-3.525656529839522157e+00
3.814304239218027526e+00
-1.265550136519764557e+00
-2.239423477114564243e+00
-1.695027738712112653e-01
-2.085213563632584144e+00
2.253998796780973257e-01
-2.732646075965571519e+00
2.267682775869888090e+00
9.317569943284358391e-01
-1.969649683357655556e+00
-2.684965783783730409e+00
-2.356609133262009603e+00
-1.829791099274554522e+00
-1.622347060595236812e+00
-1.139296247316982980e+00
-2.033168869462243844e+00
2.496682078361957546e-01
1.899965496021864819e+00
1.139692355203114627e+00
6.478368745461534628e-01
6.182172793509508324e-01
7.875576503663561656e-01
-1.948630183725419851e+00
-1.606573255678651613e+00
-2.044994322812197840e+00
1.480327327568048634e+00
7.822634808958494057e-01
3.439415971705005459e-01
-1.729870154605298804e+00
-2.198578752471368691e+00
-2.628870573199713512e+00
-1.853775600649337996e+00
1.180626953517903699e+00
1.951372106331792589e+00
-8.030216217458574501e-02
1.693252579161759197e+00
8.733899440013610516e-01
-8.706690125520164525e-01
-4.476423158194930974e-01
-1.497174207470244323e-01
-5.238757608428377122e-01
-2.539278466141314361e+00
-2.353352586517192258e+00
-1.807085998837791641e+00
-5.442579211637901260e-01
-2.350059921204940672e+00
-2.125167639839053990e+00
7.562217764227604500e-01
-1.259020024688198625e+00
4.485106307966913453e-01
-1.901264454589471242e+00
-2.284890292278853430e+00
-1.387908963776367521e-01
-1.055983872648716737e+00
-2.223771220110139168e+00
-2.111895792388522874e+00
-1.021514939588768378e+00
-2.652345829834180435e+00
-1.890444727048462781e+00
-8.616562231453546161e-01
1.261093134118787873e+00
-1.028851040072182865e-01
-2.380531854758850763e+00
9.074028065211634519e-01
2.922514979296595428e-01
2.360811669176094085e+00
-1.899606773138657889e-01
-2.193573658536026816e+00
-2.085059097281691809e+00
1.408318716340470012e+00
-2.176648170380843350e+00
-1.192204975087148178e+00
-2.248681768891169774e+00
-2.517386495153438819e+00
-2.185108677799625365e+00
1.648821262634671880e+00
-2.008456008645422841e+00
-1.917019743516274799e+00
-1.458531639344522013e+00
4.555398291263795252e-01
-1.386836925360804829e+00
-4.965800171083446513e-01
-7.356366241061225164e-01
-1.765416482734846193e+00
-1.669537383936406938e+00
-2.769561242825023584e+00
1.001539683273457770e+00
1.632288062666933826e+00
-1.781792314960537471e+00
6.230520917898796363e-02
-1.900407486310842220e-01
-2.473232468120655447e+00
7.314007610214845467e-01
-1.397871427616133033e+00
-1.869645238287645839e+00
2.082162756034234175e+00
8.593637419140796041e-01
-1.670801208468599697e+00
8.437945184982995617e-01
-2.175395142048295760e+00
-2.232044381230821717e+00
-2.240506060768987950e+00
3.454931481007125216e-01
-1.787253404796687928e+00
-1.968537942883771485e+00
-1.645635387786266612e+00
1.941437879226882712e+00
-2.183435607535880063e+00
-3.106619423387618539e+00
-2.713865192599959286e+00
1.478772117795571273e+00
5.225023270836114397e-01
-2.954810163445112714e+00
1.726321334943293762e+00
1.346140686427827138e+00
1.452410207310132484e-01
-3.079818961892130336e+00
-3.285489185242095989e+00
-2.098866266582881668e+00
2.466474627915336448e+00
8.805975845803017954e-01
8.322374653550930201e-01
-2.094647386884259443e+00
-1.377084299208663376e+00
-2.214760224491821194e+00
-1.645838835511665987e-01
-1.846526104456535089e+00
-6.005523111945929582e-01
1.826023297341772045e+00
4.015384978190100762e-02
-2.064549313130150221e+00
-1.927565949512604293e+00
-6.033282598801539276e-01
-1.894694325790938105e+00
1.597779487540631260e+00
-1.455223856490743817e+00
-1.478355284651055701e+00
-2.013554078910880563e+00
-1.746357170082163623e+00
-5.320716947770398608e-02
-1.008917119792428485e+00
5.062201160837052072e-01
-2.171677211010387243e+00
2.179083479536100487e+00
-2.297475955031176298e+00
1.596369389755186718e+00
1.548247302083991750e+00
-3.971397769002416034e-01
-2.296016965396149967e+00
-2.152612079716405891e+00
-2.798507553974141082e-01
-3.216931030467898855e-01
-1.919083173178669721e+00
-2.633101816523076177e+00
-1.783285290600579165e+00
-1.737031802626336940e+00
-7.053229510294767302e-02
-2.233915494874898933e+00
-1.946440209398712540e+00
4.505761147446611936e-01
-5.757235496136394737e-01
-2.362612219392681290e+00
1.797877613858457790e+00
-1.421695001037229567e+00
-1.354182062798224617e+00
-1.999746169521239514e+00
2.626625244689082539e-01
2.162196484813037500e+00
-1.975247201597080560e+00
-2.481903930339607101e+00
1.516316835271520613e-01
-2.951065108246666568e+00
1.569305722530698777e+00
-1.399208621321717416e+00
-2.410635583248810221e+00
6.418105173834958155e-01
-3.300956206129542769e-01
-1.724562985955936600e+00
-4.027026379055398397e-02
1.629295655857795122e+00
-1.393875662184671516e+00
-1.530393553778297999e+00
-1.157740925102817009e+00
7.519951266832266557e-01
6.404694172135216856e-01
-1.757042719655225849e+00
-1.663697343567797304e+00
-1.889364421224923207e+00
-1.851723439460542187e+00
-2.077773271631357055e+00
-4.718405025726093438e-01
-2.307350609045710321e+00
-1.433996295297517598e+00
-3.690319159134379801e-01
1.352228841930465553e+00
-1.772548270966122441e+00
-1.663509045263827479e+00
1.079543346694974204e+00
-2.047573083130199034e+00
9.362321147585956904e-01
-1.470241653753469713e+00
7.350270128644230683e-01
-1.986051500661438540e+00
-2.635744160894815113e+00
-2.242249176752866280e+00
2.410826851356365985e+00
-1.589890741290663767e+00
-1.380833435075591531e+00
9.708505535482941928e-02
1.351518950484708270e+00
-2.734777473417078220e+00
-2.547810757199648002e+00
-2.039845958357361599e+00
-1.346806484144239979e+00
1.437292405532551443e-01
-2.033715763479007954e+00
-1.977866663669709535e+00
3.176112467653688931e+00
3.706389902489459209e-01
-2.760487089375807113e+00
8.380198486985201978e-02
-2.402254537004342438e+00
-1.211223602794137433e+00
9.857901771702392013e-01
-2.953373195153860653e+00
1.457896393585492056e+00
1.357413767513603986e+00
4.705551747695436715e-01
3.359991624520936027e-01
6.315909236326752163e-01
-1.631927688366748619e+00
-2.273475723394850601e+00
6.450632141035278488e-01
-1.539981372945660398e+00
-1.838064167174959795e-01
5.907167730286465579e-01
-2.796605483977585571e+00
-2.606523232425728143e+00
-2.174946063364397997e+00
-9.833166084459110667e-01
-9.262702650346117395e-01
-1.878595098340831715e-01
7.550806947827812809e-01
2.866719790346801133e-01
1.143163280595718589e+00
1.147829797409857910e+00
-2.120705037208513222e+00
-1.264145034858771277e-01
1.930697371708930188e+00
-2.130251730579200142e+00
-2.141926358226679650e+00
5.910345115773345537e-01
-2.959146932233902572e-01
-5.649108661859463254e-01
9.837883476005303551e-01
-2.521758540590155917e+00
1.956812023286476743e+00
-1.806269498673569895e+00
7.578969838252818114e-01
1.419008131045245369e+00
-1.484320227760581590e-01
2.369507556296726047e+00
-1.408697151486824728e+00
-1.725771892018004294e+00
7.470674482221002499e-01
-1.467465052026939665e+00
1.085389472220996687e-01
6.529457027624816501e-01
2.387595153279814530e-01
-4.120909131338854614e-01
6.272951023462421949e-01
-1.226171891555246418e+00
-1.383423830750045269e+00
-1.493123448725393931e+00
1.146675452270172091e+00
-1.996945561220511589e+00
-2.484758552646209040e-01
1.404528486758731987e+00
-9.664964168419920565e-02
8.259492731181738989e-01
2.000890356901031453e+00
1.865366508947008839e+00
-1.870228485208092151e+00
-5.508079391563469596e-01
-2.259437126238451388e+00
-1.960710440584417125e+00
-2.281002246544312939e+00
-9.773218445680629252e-01
-1.686031726973943989e+00
-2.629504249614392108e+00
9.145779384675296608e-01
3.474045848635454181e-01
3.491769576233423877e-01
1.145061984983909209e+00
-8.722031232831195524e-02
1.359284008264675547e+00
-1.877383068025730406e+00
1.246891530708110540e+00
1.056964528258709013e+00
-1.719014670011385970e+00
-2.220417666537623624e+00
-2.248020160768823938e+00
-2.222455412447140954e+00
-2.981914764597842993e+00
-1.403227987531131760e+00
-9.107873848587533239e-02
-2.117686698875318019e+00
-2.282136987906012049e+00
-2.627338265668750061e+00
-1.445004266659345671e+00
-2.062020117081002635e+00
-2.731108886407815906e+00
2.331362081018575338e+00
-2.002441412582326219e+00
-2.170660922375711621e+00
-1.552176235451163233e+00
-1.963801527569809968e+00
-2.021631877976641345e+00
-1.760249325652698982e+00
-2.480484768939439810e+00
-2.337154470816351193e+00
-1.122461170469618130e+00
-1.354710485659564867e+00
1.871658040929700562e+00
-1.825744999841434790e+00
9.284994225159090009e-01
-1.986364878524704558e+00
-1.608161055607763679e+00
-2.037319288061890887e+00
4.712143543878417606e-01
3.011916877924423641e+00
-7.591034575602673140e-02
-1.159182068728351389e+00
-9.221623633790547725e-01
4.561818310240717822e-01
1.399338445840814238e+00
-1.752282574494563594e+00
3.335553349507986987e-01
-1.939010109250918878e+00
1.589409548186299093e+00
-1.555970380146885379e+00
-1.527905891117185444e+00
1.061951672422086101e+00
3.323013972335359667e-01
-7.403705375841937997e-01
-1.308911630590079866e+00
-2.456651177370542616e+00
-2.101523267188694977e+00
-1.911710740337219772e+00
-1.279140560351214040e+00
-1.802007252191016429e+00
-4.064947005743282382e-01
8.505413150670121381e-02
-1.605588709135582270e+00
-1.836349300572151177e+00
-1.727880496545325384e+00
-1.303125806654403585e+00
-2.028807710651466589e+00
9.152748790847775595e-01
-1.895996570906167689e-01
-7.417398603688969416e-01
-7.892611938117313208e-01
2.100932541089083561e+00
-7.058027908085149349e-01
-2.378319405910747086e+00
1.179071599825507022e+00
-1.294511221476149831e+00
-1.680579182243252312e+00
7.068268386068909948e-01
-2.022587794196387456e+00
1.283902356001859202e-02
-1.521487984219916489e+00
3.305631431365885220e-01
-2.593861668921237928e+00
-3.198334064279025890e-01
-1.287420444337428638e+00
-4.225803184923448974e-02
6.361322297175994178e-01
1.395269453461241760e+00
-3.180216985367287919e-01
2.685025903732939367e-01
1.265721072023791471e+00
9.350092581717442952e-01
2.534576779622546461e+00
6.489863946809908413e-01
1.452771975297134421e+00
-2.564727184639980173e+00
-3.300088685235571084e+00
-1.643484860637483447e+00
2.078901450865859313e-01
1.624909544827482510e-01
8.508158409625479202e-01
3.886398163597347688e-01
-1.608039089247772502e+00
2.277330877868325998e-01
6.499187173483503832e-01
5.849640578208898933e-01
3.025853208417501050e-01
-2.254334803985122981e-01
6.286200466914306784e-01
1.090855224444378990e+00
-2.368902309981526511e+00
9.849319794697228847e-01
7.970727188122550544e-01
-1.046555822811077840e+00
-3.376314467621395199e-01
1.125244966162829208e+00
-2.449199507851111068e+00
-1.211866025771647148e+00
-3.554371686598812863e-01
-1.256249947171982351e+00
-2.005836678768985415e+00
-2.100685364420395551e+00
-1.505006622879486722e+00
-1.906323580894575764e+00
8.948682354327054389e-01
-3.260039618975794085e-01
1.789312958609424298e+00
-2.290335713560276432e+00
-6.010676301114756814e-01
1.381318042207529739e+00
-5.966236823613135787e-01
3.434811857719169415e-01
1.438181935126897848e+00
-2.194426875754458273e+00
-1.445072262173743072e+00
2.229417429210297286e+00
-3.342398506717848550e-01
1.569798358456993226e+00
-1.729773633802410338e+00
2.088161145245560402e+00
1.381301132519483055e+00
-1.795665928240083975e+00
1.058713204847423484e+00
7.379313438931041080e-01
-1.842508129589869981e+00
-1.590684230369709296e+00
-1.312439457034200174e+00
1.141420655594048039e+00
-1.395730381699315625e+00
1.542739300729733642e+00
-2.263795086096442422e+00
-2.173353506740399510e+00
2.226117974856009485e-01
-2.349813033825347564e+00
3.394115716767481250e-01
-2.574393306238444534e+00
-1.647694481723054327e+00
-4.197195967730545929e-01
-1.244110250641093929e+00
-2.684046127260045989e+00
-6.144127120676823317e-01
7.555904857352462312e-01
-2.410483915467765748e+00
6.274424754562035744e-01
-2.254476530682108848e+00
2.551103282261275584e+00
4.813722844430409764e-01
-2.288131727111962999e+00
-2.688363503192300330e-01
-2.387823753749991340e+00
-2.824468652568997928e+00
1.326535848203648005e+00
-1.458020018582578459e+00
-1.740878595834342013e+00
-2.613077246749559102e+00
-1.417994162448439344e+00
2.163533955678970111e-02
-2.834225670801696850e+00
2.222669197846699252e+00
-1.544152115856667340e-01
-2.109387114470597790e-01
5.884152062020059359e-01
-5.302086177065579164e-01
-3.014130630816324707e+00
9.183810226186712722e-01
-2.102756869472189649e+00
1.055113404789939313e+00
-2.491032476250041761e+00
1.268965157691686496e+00
-2.057439062668961149e+00
-2.602225153339762898e+00
-1.897897498060734822e+00
-8.244886972948617387e-01
-1.549601694748537151e+00
2.834635516914698616e-01
-1.682343375703496013e+00
2.502278934055041093e-01
2.197947529182854964e+00
1.281245621341325247e+00
-1.717417611036651692e+00
-1.604359163540512112e+00
2.274645031405934770e+00
-1.800201518906065612e+00
-3.957461203229706292e-02
5.344414150837296651e-01
6.677699986140678279e-01
-2.358914972061202153e+00
-9.301027766907574712e-01
-1.985149016275570055e+00
-2.903656891853947375e-01
-3.221657511395627616e+00
-2.471096909856148827e+00
-1.601334736401753389e+00
-2.690745306383448110e+00
4.648230136550000613e-01
7.256501504521405410e-01
-2.340212714234436664e+00
1.278896902280244774e+00
-1.936325148175387589e+00
7.409409946029574812e-01
7.641264893763635158e-01
7.831859217804899576e-01
-2.321342105210622009e+00
-2.163815411665498178e+00
2.180910648905284965e+00
1.088536420647494118e+00
1.567215550736304586e+00
-1.869242575022669328e+00
-2.393744502270088503e+00
-1.710791639578564727e+00
3.509862277844982836e-01
-1.467858854381811184e+00
-2.376091757132904547e+00
6.380146550080370016e-01
3.342229768685620606e-01
-1.620281459774614241e+00
-2.467466203555036763e+00
6.789729093306009489e-01
-2.648645921374088275e+00
-1.901513171121821388e+00
5.747277939499372268e-01
2.059667523108246190e-01
-1.720635961521934210e+00
-2.135667744098460386e+00
7.932717053467536195e-02
-1.811250365124561945e+00
-2.215476337296005127e+00
8.505327409087479751e-01
-2.147426147722253820e+00
-1.873471649660809035e+00
-2.463327409912301036e+00
-1.287710554603789248e+00
1.056442944619554014e+00
-2.727981036975037021e+00
-2.289320985617496085e+00
-4.647634673094591662e-01
-1.735552772501958163e+00
-1.085263869094732048e+00
-1.093750810381870053e+00
-1.181106939022270375e+00
-1.714808021782846303e+00
-2.579792463430978788e+00
-2.483387895964848102e+00
-1.997616666162054022e+00
-1.739167829568116108e+00
-2.650703501914514870e+00
1.704218471556364078e-01
2.017916257897762300e+00
-1.838234780375015420e+00
1.804098590671080471e-01
-1.828123294581587288e+00
-1.972312358046791170e+00
-1.505252466674077638e+00
-2.091338196148754491e+00
-2.155490140642499330e+00
-8.580452003570913089e-01
-3.513524002117794254e+00
2.269627303293742848e+00
1.397149747186367197e+00
-2.185159596486069056e+00
-1.624286379501982402e+00
-6.127811504388291919e-01
-2.920037023351710559e+00
-4.728293119960412794e-01
7.720727255719195270e-02
-2.176521365040515299e+00
-1.294807035322322220e+00
6.280078211161008728e-01
-2.717588324988235549e+00
-1.672608078997190884e+00
-1.702589440501947493e+00
1.844071291030791482e+00
-2.745309087099963019e+00
-2.774116740425442096e+00
-1.304697096114697086e+00
-6.198972764311947437e-01
-1.836202946035579320e+00
-3.247391739785231435e-01
1.251042551034193151e+00
1.326228822066053192e+00
-1.510261034382379686e+00
8.240960563733830124e-01
-2.146028586475990707e+00
3.394866368130761147e-01
9.921189029137967852e-01
-2.057686345689022644e+00
-2.499369895875138692e+00
5.965937343764320389e-01
1.385339675170790930e+00
1.224657658239449720e+00
1.064485518294596922e+00
-2.321625426047992935e+00
-2.612348349423602389e+00
1.777274362055845769e+00
-8.784355297834955945e-02
-2.246025613639228258e+00
-1.874176870042573162e+00
-1.385942143292928641e+00
2.396900955803636268e+00
-1.964705491696957518e+00
-1.233365281169235939e+00
4.217232514433276735e-01
-2.064316178389014489e+00
-5.255798662217663342e-01
-1.119077220433450925e-02
-1.909780321630447641e+00
-2.201143625461308151e+00
-1.668751093651668960e+00
-2.150810038763930176e+00
-1.102997148963751339e-01
-2.773261626213848530e+00
-2.496215271953337922e+00
-3.485499760509345180e+00
-1.414472043405814228e+00
-3.075219531085915392e-03
-2.662985463852051371e+00
-2.249025093016020271e+00
-2.045026432455241849e+00
-1.819538187827535403e+00
-1.623328509379801776e+00
-2.756091877490693065e+00
1.615945184581824012e+00
7.364055956309504269e-01
-1.700525787357986207e+00
-1.469280033787354833e+00
1.699592047530986472e+00
-2.498833369985621999e+00
-1.859646742060392599e+00
1.382219682239097747e+00
5.436586882530907161e-01
-1.011793708356361954e+00
-1.212346571085886282e+00
-2.212305215794171609e+00
4.287809728394389452e-01
-1.643154276796676472e+00
1.587597020095776079e+00
1.119224209463034025e+00
-2.422352349383765535e+00
2.410061309047090150e-02
-2.501622569819048181e+00
-1.615395403856722645e+00
1.943491764931878363e+00
-2.571793411645886707e+00
-2.170037774120178398e+00
-2.301605678527327115e+00
-6.081833495386503863e-01
-4.695495380029041099e-01
-1.510042990710632527e+00
-1.369539639096771344e+00
1.225729132156484269e+00
-1.950039840596212048e+00
1.875051397231744854e+00
-2.904413492772721206e+00
-3.005797278849694720e+00
1.127473889073378643e+00
5.090637866183086446e-01
-1.894125360276773140e+00
9.535106356575280273e-01
5.964974680720086520e-01
-2.068720282961562518e+00
2.288628473430318611e+00
-1.763675021903597484e+00
1.477199657491225504e-01
-2.583570850354257153e+00
-1.195786006795764855e+00
-1.849484497138711214e+00
8.579211279714815674e-01
-1.047535247427332061e+00
4.225590394400606797e-01
-2.040461008965185563e+00
-1.793388969359678287e+00
5.790921927110589396e-01
-3.047642479974066898e+00
1.166940445738767984e+00
-2.181573810487170029e+00
-5.693077964533661550e-01
-2.724593384604423019e+00
-2.197554834617737818e+00
2.072668067945616421e+00
-1.693230991325580082e+00
4.806219163624497193e-01
-1.828978410310653446e+00
-5.753901103520280280e-01
-2.595047830821390455e+00
-9.111328742082425158e-01
1.273623998816413527e+00
-2.305266436933302021e-01
5.654720572100723208e-01
1.760974369428363495e+00
-1.935833863858218429e+00
1.764644911519255954e+00
-1.450505494658993033e+00
-1.865652708732933984e+00
-1.665087908510803238e+00
1.163187769839068686e+00
6.273085242395576300e-01
9.035362652374241410e-01
-1.575933569379932120e+00
-1.646083798987840741e+00
-2.656075237160592017e+00
-2.802434034502263582e+00
1.526205018424954707e+00
4.696966327988857381e-01
-2.216155170592609913e+00
-2.731179350418776242e+00
-1.644037282661736210e+00
8.931252812580667833e-01
-2.530205792303280798e+00
-2.625438578245664178e+00
-2.415393821069288904e+00
-1.723102864847925852e+00
6.910994461439834424e-02
-2.151867081920066038e+00
-2.279474941426331114e+00
-2.433480070246728744e+00
-2.008534969709840912e+00
2.265459252202737805e-01
-2.533347935974722409e-01
-1.206626297991082009e+00
-1.910895132323159329e+00
-1.015215658427795820e+00
-2.129932001120493634e-01
-2.909065286062547662e-01
-2.787240122722455027e+00
-1.917032645204144181e+00
4.692035789419563563e-01
-1.300063784592567107e+00
-1.627389505605409070e+00
7.602407254118703772e-01
-2.239085356124923543e+00
-1.164175812029563994e+00
-1.142752033196993589e+00
-1.996231657295381989e+00
-1.813588365516519030e+00
-2.221221685740674801e+00
-2.056364858452358391e+00
-1.616959291959855438e+00
-1.531381615693331311e-01
-1.528367235078634589e+00
2.207852393648193079e+00
-2.259884893548299800e+00
9.342191251325904222e-01
1.128901322405248875e+00
2.168025270882584454e+00
-2.038526874157829738e+00
-2.239713260965852992e+00
-1.956109803339266318e+00
-2.263878151759922019e+00
-2.245209992943997257e+00
-1.116979978545009633e+00
-2.385371838987457416e+00
1.485425906031596188e+00
-6.597229509901079147e-01
-1.364805797654663255e+00
2.219476555288636632e+00
-2.181492056758153719e+00
-2.254064668271789529e+00
-2.771340416132351603e+00
-1.924929983901566777e+00
-2.388845037935927174e+00
5.545050364786565655e-01
-1.873562569267490652e-01
-1.123844176841135578e-01
1.750617151312122699e-01
-1.746520194891800326e+00
4.602701614049109491e-01
4.623146170182029779e-02
6.506168653650222788e-01
-2.575808432226215139e+00
-1.644330409331941301e+00
-2.283113677396249930e+00
9.530377867748749399e-01
-1.888652951303006589e+00
1.548147512246255131e+00
-1.785742375491147893e+00
2.438978460400494264e+00
-4.082839352408410560e-01
1.667882286301641814e+00
4.850268141823764201e-01
-1.787110768553291207e+00
-2.149145494268289713e+00
-2.459110471387336849e-01
-2.655588352537463059e+00
7.528250912215497248e-01
-2.160367098675721742e+00
-1.501512705675364323e+00
8.012930648200156103e-02
-3.043288843913505737e+00
-2.282552272521608749e+00
-2.591244351423227510e+00
-2.084404139565009473e+00
2.101302811474122567e+00
-2.628578344613724305e+00
-1.830647999570954587e+00
-1.415854364302440604e+00
1.395523403431135900e+00
-2.983529001994174479e+00
-1.762346339782446369e+00
8.708699720302599534e-01
-1.506525855918154466e+00
-1.641736778847402434e-02
5.577399732740113691e-01
-3.738822977622994204e-01
-1.521779851667203420e+00
1.557821207062287217e+00
2.759563927938710748e-01
-1.630295999442590293e+00
2.620403150141958903e-01
-1.507676061207408269e+00
6.020208870762280284e-01
1.724985742468970962e+00
-1.123687309137763712e+00
-1.755028217715848049e+00
3.905456661193916768e-01
-2.086127917197050596e+00
5.530214168261378127e-01
-1.803321822113251649e+00
-2.064412205308859161e+00
-1.636663645536498013e+00
1.708238640867651759e+00
-2.120570143550843945e+00
-1.982659368253441690e+00
-2.460349544492766771e+00
-1.365651172484838138e+00
1.266940657145034344e+00
-1.663863679177502108e+00
-1.478446256741887233e+00
-6.225879687189821432e-01
-2.144595552095056590e+00
-1.284259325643503757e+00
-1.487366311994123613e+00
-1.190787743742693028e+00
-2.283175841323165312e+00
-2.160257975174191269e-01
-1.623084162440046052e+00
-1.808053171253546365e+00
-1.586443368588884573e+00
1.243636970750189530e+00
-1.660138628103901004e+00
-8.859437968824290799e-02
1.647264793112610981e+00
3.974760574532473223e-01
-2.825194736648926508e+00
-3.805113340514015841e-01
2.519650642095354165e+00
2.658149342056918663e+00
-1.899528101283790127e+00
-6.437218263371269344e-01
-2.408088139734680500e+00
-2.435857205739472509e+00
1.068705062391597682e+00
1.436632573010208525e+00
-1.786733031248629588e+00
-1.180481255528275986e+00
-4.607751102139338029e-01
1.747184369690462979e+00
-6.590364650212066078e-01
2.003261952705486237e+00
-2.892348271194260967e+00
-1.150513738252423313e+00
-2.262905823760264834e+00
-1.570064580088401884e+00
-2.106321427312297434e+00
-2.070141472644211333e+00
1.987543131992539625e+00
-4.170465590013144874e-01
-1.184651724981225174e+00
-5.249308746080865173e-01
-1.002635281649612020e+00
-4.536581161274191309e-01
-5.203592788039854700e-01
-2.374237536827274564e+00
1.594653079198752987e+00
-9.965727041438166012e-01
2.017239593317735613e-01
-1.718488495030148222e+00
-4.242937418378227576e-01
-2.208932179195612022e+00
6.498575565610912319e-01
1.203654160093535319e+00
-9.632003759158553891e-01
5.137470123490883722e-01
9.472079193333406977e-01
-1.971677033960518521e+00
-2.312724014383388926e+00
-1.270006768238473027e-01
-1.478577144708443925e+00
8.390009816252463892e-01
4.273921286169324318e-02
1.311079700592743258e+00
2.546332776364760520e+00
-2.661304488821933933e+00
-7.209019198961332808e-01
-1.437612713888071436e+00
3.922010185893424761e-01
-1.243141036953458789e+00
-1.707327564239798035e+00
-2.334800358830834810e+00
2.059959844159105380e+00
1.268073943349122823e+00
-1.972338386534195909e+00
-9.654720880985159237e-01
-2.405268459934890579e+00
-1.434276134994341811e+00
-3.912230114082948518e-01
1.045904266749086764e+00
1.587016257095682725e+00
-2.195896415889170505e+00
-1.455767128369703123e+00
-1.502475271498361575e+00
4.584595587214498336e-01
-2.505007011135860662e+00
-2.157335434677147834e+00
-7.980466376694823616e-01
-5.621561234278300567e-01
-2.188715814595890485e+00
9.264350744400753346e-01
-1.446725544459072754e+00
-1.943212817336903653e+00
-2.708327989924829815e+00
-8.592011677241762069e-01
-2.644953098836528849e-01
-1.896925924404730290e+00
-2.377889069505517927e+00
-2.148161231109885883e+00
-2.051603523899820480e+00
-1.872053118023838225e+00
5.024441619892351385e-01
-2.665273463316024216e+00
-1.418285308225869512e-01
-3.037660945765764398e-01
1.096793166752397797e+00
-2.503929408632590281e+00
-1.840211454494261600e+00
-2.306385088113361626e+00
-2.508235436919708405e+00
-1.696189592074520247e+00
-1.371348630610885744e-01
2.603679265345292260e-01
9.357299377127785700e-01
3.847949295972086792e-01
-2.409578514874226585e+00
-1.600708902400362676e+00
1.833737819442486705e+00
-1.113531517758014067e-01
1.566604697164134086e+00
1.290542573434077411e+00
1.165905111689864881e+00
-2.152687822259348849e+00
9.873440669733973829e-01
-1.672450399735374127e+00
-2.956675731322598866e-01
-2.360851842120001542e+00
-1.604038312093856167e+00
-3.153447039746087865e-01
-1.656882500186787066e+00
-1.175634634184595351e+00
3.771565943869606974e-01
2.173561638308572519e+00
2.586152001906437681e-01
-2.646051173533343626e+00
-2.776708175868246364e+00
1.356171110048398187e+00
-1.645731541169874301e+00
-2.582023621818400727e+00
6.723856788314223065e-01
-2.297162699899168992e-02
1.460624803299853669e+00
-2.158194367705775552e+00
-1.793503736460646758e+00
-2.318560791872373628e+00
6.359403752325964998e-01
-1.153455655728035101e+00
-2.178697856112731923e+00
-2.195991844633783163e+00
7.565601594198079205e-01
-1.844468435386630301e+00
-1.833687718836622516e+00
-2.118993696356839873e+00
-2.193700625293166784e-01
2.098235247878029952e+00
1.464965768438454718e+00
-2.066352302509992356e+00
-2.397730556958886705e+00
-2.216057031370492592e+00
-1.135668226006181669e+00
-2.113468719061231571e+00
-1.324484718423920127e+00
8.336367732620036941e-01
-1.342275960756647235e+00
-1.782126793411518140e-01
-7.586465871859873200e-01
1.342024242437153125e+00
